          x1          x2          x3     azimuth         dip         iRx
  -8500.00000       0.00000000       250.000000               0           0           1
  -8473.43750       0.00000000       250.000000               0           0           2
  -8446.87500       0.00000000       250.000000               0           0           3
  -8420.31250       0.00000000       250.000000               0           0           4
  -8393.75000       0.00000000       250.000000               0           0           5
  -8367.18750       0.00000000       250.000000               0           0           6
  -8340.62500       0.00000000       250.000000               0           0           7
  -8314.06250       0.00000000       250.000000               0           0           8
  -8287.50000       0.00000000       250.000000               0           0           9
  -8260.93750       0.00000000       250.000000               0           0          10
  -8234.37500       0.00000000       250.000000               0           0          11
  -8207.81250       0.00000000       250.000000               0           0          12
  -8181.25000       0.00000000       250.000000               0           0          13
  -8154.68750       0.00000000       250.000000               0           0          14
  -8128.12500       0.00000000       250.000000               0           0          15
  -8101.56250       0.00000000       250.000000               0           0          16
  -8075.00000       0.00000000       250.000000               0           0          17
  -8048.43750       0.00000000       250.000000               0           0          18
  -8021.87500       0.00000000       250.000000               0           0          19
  -7995.31250       0.00000000       250.000000               0           0          20
  -7968.75000       0.00000000       250.000000               0           0          21
  -7942.18750       0.00000000       250.000000               0           0          22
  -7915.62500       0.00000000       250.000000               0           0          23
  -7889.06250       0.00000000       250.000000               0           0          24
  -7862.50000       0.00000000       250.000000               0           0          25
  -7835.93750       0.00000000       250.000000               0           0          26
  -7809.37500       0.00000000       250.000000               0           0          27
  -7782.81250       0.00000000       250.000000               0           0          28
  -7756.25000       0.00000000       250.000000               0           0          29
  -7729.68750       0.00000000       250.000000               0           0          30
  -7703.12500       0.00000000       250.000000               0           0          31
  -7676.56250       0.00000000       250.000000               0           0          32
  -7650.00000       0.00000000       250.000000               0           0          33
  -7623.43750       0.00000000       250.000000               0           0          34
  -7596.87500       0.00000000       250.000000               0           0          35
  -7570.31250       0.00000000       250.000000               0           0          36
  -7543.75000       0.00000000       250.000000               0           0          37
  -7517.18750       0.00000000       250.000000               0           0          38
  -7490.62500       0.00000000       250.000000               0           0          39
  -7464.06250       0.00000000       250.000000               0           0          40
  -7437.50000       0.00000000       250.000000               0           0          41
  -7410.93750       0.00000000       250.000000               0           0          42
  -7384.37500       0.00000000       250.000000               0           0          43
  -7357.81250       0.00000000       250.000000               0           0          44
  -7331.25000       0.00000000       250.000000               0           0          45
  -7304.68750       0.00000000       250.000000               0           0          46
  -7278.12500       0.00000000       250.000000               0           0          47
  -7251.56250       0.00000000       250.000000               0           0          48
  -7225.00000       0.00000000       250.000000               0           0          49
  -7198.43750       0.00000000       250.000000               0           0          50
  -7171.87500       0.00000000       250.000000               0           0          51
  -7145.31250       0.00000000       250.000000               0           0          52
  -7118.75000       0.00000000       250.000000               0           0          53
  -7092.18750       0.00000000       250.000000               0           0          54
  -7065.62500       0.00000000       250.000000               0           0          55
  -7039.06250       0.00000000       250.000000               0           0          56
  -7012.50000       0.00000000       250.000000               0           0          57
  -6985.93750       0.00000000       250.000000               0           0          58
  -6959.37500       0.00000000       250.000000               0           0          59
  -6932.81250       0.00000000       250.000000               0           0          60
  -6906.25000       0.00000000       250.000000               0           0          61
  -6879.68750       0.00000000       250.000000               0           0          62
  -6853.12500       0.00000000       250.000000               0           0          63
  -6826.56250       0.00000000       250.000000               0           0          64
  -6800.00000       0.00000000       250.000000               0           0          65
  -6773.43750       0.00000000       250.000000               0           0          66
  -6746.87500       0.00000000       250.000000               0           0          67
  -6720.31250       0.00000000       250.000000               0           0          68
  -6693.75000       0.00000000       250.000000               0           0          69
  -6667.18750       0.00000000       250.000000               0           0          70
  -6640.62500       0.00000000       250.000000               0           0          71
  -6614.06250       0.00000000       250.000000               0           0          72
  -6587.50000       0.00000000       250.000000               0           0          73
  -6560.93750       0.00000000       250.000000               0           0          74
  -6534.37500       0.00000000       250.000000               0           0          75
  -6507.81250       0.00000000       250.000000               0           0          76
  -6481.25000       0.00000000       250.000000               0           0          77
  -6454.68750       0.00000000       250.000000               0           0          78
  -6428.12500       0.00000000       250.000000               0           0          79
  -6401.56250       0.00000000       250.000000               0           0          80
  -6375.00000       0.00000000       250.000000               0           0          81
  -6348.43750       0.00000000       250.000000               0           0          82
  -6321.87500       0.00000000       250.000000               0           0          83
  -6295.31250       0.00000000       250.000000               0           0          84
  -6268.75000       0.00000000       250.000000               0           0          85
  -6242.18750       0.00000000       250.000000               0           0          86
  -6215.62500       0.00000000       250.000000               0           0          87
  -6189.06250       0.00000000       250.000000               0           0          88
  -6162.50000       0.00000000       250.000000               0           0          89
  -6135.93750       0.00000000       250.000000               0           0          90
  -6109.37500       0.00000000       250.000000               0           0          91
  -6082.81250       0.00000000       250.000000               0           0          92
  -6056.25000       0.00000000       250.000000               0           0          93
  -6029.68750       0.00000000       250.000000               0           0          94
  -6003.12500       0.00000000       250.000000               0           0          95
  -5976.56250       0.00000000       250.000000               0           0          96
  -5950.00000       0.00000000       250.000000               0           0          97
  -5923.43750       0.00000000       250.000000               0           0          98
  -5896.87500       0.00000000       250.000000               0           0          99
  -5870.31250       0.00000000       250.000000               0           0         100
  -5843.75000       0.00000000       250.000000               0           0         101
  -5817.18750       0.00000000       250.000000               0           0         102
  -5790.62500       0.00000000       250.000000               0           0         103
  -5764.06250       0.00000000       250.000000               0           0         104
  -5737.50000       0.00000000       250.000000               0           0         105
  -5710.93750       0.00000000       250.000000               0           0         106
  -5684.37500       0.00000000       250.000000               0           0         107
  -5657.81250       0.00000000       250.000000               0           0         108
  -5631.25000       0.00000000       250.000000               0           0         109
  -5604.68750       0.00000000       250.000000               0           0         110
  -5578.12500       0.00000000       250.000000               0           0         111
  -5551.56250       0.00000000       250.000000               0           0         112
  -5525.00000       0.00000000       250.000000               0           0         113
  -5498.43750       0.00000000       250.000000               0           0         114
  -5471.87500       0.00000000       250.000000               0           0         115
  -5445.31250       0.00000000       250.000000               0           0         116
  -5418.75000       0.00000000       250.000000               0           0         117
  -5392.18750       0.00000000       250.000000               0           0         118
  -5365.62500       0.00000000       250.000000               0           0         119
  -5339.06250       0.00000000       250.000000               0           0         120
  -5312.50000       0.00000000       250.000000               0           0         121
  -5285.93750       0.00000000       250.000000               0           0         122
  -5259.37500       0.00000000       250.000000               0           0         123
  -5232.81250       0.00000000       250.000000               0           0         124
  -5206.25000       0.00000000       250.000000               0           0         125
  -5179.68750       0.00000000       250.000000               0           0         126
  -5153.12500       0.00000000       250.000000               0           0         127
  -5126.56250       0.00000000       250.000000               0           0         128
  -5100.00000       0.00000000       250.000000               0           0         129
  -5073.43750       0.00000000       250.000000               0           0         130
  -5046.87500       0.00000000       250.000000               0           0         131
  -5020.31250       0.00000000       250.000000               0           0         132
  -4993.75000       0.00000000       250.000000               0           0         133
  -4967.18750       0.00000000       250.000000               0           0         134
  -4940.62500       0.00000000       250.000000               0           0         135
  -4914.06250       0.00000000       250.000000               0           0         136
  -4887.50000       0.00000000       250.000000               0           0         137
  -4860.93750       0.00000000       250.000000               0           0         138
  -4834.37500       0.00000000       250.000000               0           0         139
  -4807.81250       0.00000000       250.000000               0           0         140
  -4781.25000       0.00000000       250.000000               0           0         141
  -4754.68750       0.00000000       250.000000               0           0         142
  -4728.12500       0.00000000       250.000000               0           0         143
  -4701.56250       0.00000000       250.000000               0           0         144
  -4675.00000       0.00000000       250.000000               0           0         145
  -4648.43750       0.00000000       250.000000               0           0         146
  -4621.87500       0.00000000       250.000000               0           0         147
  -4595.31250       0.00000000       250.000000               0           0         148
  -4568.75000       0.00000000       250.000000               0           0         149
  -4542.18750       0.00000000       250.000000               0           0         150
  -4515.62500       0.00000000       250.000000               0           0         151
  -4489.06250       0.00000000       250.000000               0           0         152
  -4462.50000       0.00000000       250.000000               0           0         153
  -4435.93750       0.00000000       250.000000               0           0         154
  -4409.37500       0.00000000       250.000000               0           0         155
  -4382.81250       0.00000000       250.000000               0           0         156
  -4356.25000       0.00000000       250.000000               0           0         157
  -4329.68750       0.00000000       250.000000               0           0         158
  -4303.12500       0.00000000       250.000000               0           0         159
  -4276.56250       0.00000000       250.000000               0           0         160
  -4250.00000       0.00000000       250.000000               0           0         161
  -4223.43750       0.00000000       250.000000               0           0         162
  -4196.87500       0.00000000       250.000000               0           0         163
  -4170.31250       0.00000000       250.000000               0           0         164
  -4143.75000       0.00000000       250.000000               0           0         165
  -4117.18750       0.00000000       250.000000               0           0         166
  -4090.62500       0.00000000       250.000000               0           0         167
  -4064.06250       0.00000000       250.000000               0           0         168
  -4037.50000       0.00000000       250.000000               0           0         169
  -4010.93750       0.00000000       250.000000               0           0         170
  -3984.37500       0.00000000       250.000000               0           0         171
  -3957.81250       0.00000000       250.000000               0           0         172
  -3931.25000       0.00000000       250.000000               0           0         173
  -3904.68750       0.00000000       250.000000               0           0         174
  -3878.12500       0.00000000       250.000000               0           0         175
  -3851.56250       0.00000000       250.000000               0           0         176
  -3825.00000       0.00000000       250.000000               0           0         177
  -3798.43750       0.00000000       250.000000               0           0         178
  -3771.87500       0.00000000       250.000000               0           0         179
  -3745.31250       0.00000000       250.000000               0           0         180
  -3718.75000       0.00000000       250.000000               0           0         181
  -3692.18750       0.00000000       250.000000               0           0         182
  -3665.62500       0.00000000       250.000000               0           0         183
  -3639.06250       0.00000000       250.000000               0           0         184
  -3612.50000       0.00000000       250.000000               0           0         185
  -3585.93750       0.00000000       250.000000               0           0         186
  -3559.37500       0.00000000       250.000000               0           0         187
  -3532.81250       0.00000000       250.000000               0           0         188
  -3506.25000       0.00000000       250.000000               0           0         189
  -3479.68750       0.00000000       250.000000               0           0         190
  -3453.12500       0.00000000       250.000000               0           0         191
  -3426.56250       0.00000000       250.000000               0           0         192
  -3400.00000       0.00000000       250.000000               0           0         193
  -3373.43750       0.00000000       250.000000               0           0         194
  -3346.87500       0.00000000       250.000000               0           0         195
  -3320.31250       0.00000000       250.000000               0           0         196
  -3293.75000       0.00000000       250.000000               0           0         197
  -3267.18750       0.00000000       250.000000               0           0         198
  -3240.62500       0.00000000       250.000000               0           0         199
  -3214.06250       0.00000000       250.000000               0           0         200
  -3187.50000       0.00000000       250.000000               0           0         201
  -3160.93750       0.00000000       250.000000               0           0         202
  -3134.37500       0.00000000       250.000000               0           0         203
  -3107.81250       0.00000000       250.000000               0           0         204
  -3081.25000       0.00000000       250.000000               0           0         205
  -3054.68750       0.00000000       250.000000               0           0         206
  -3028.12500       0.00000000       250.000000               0           0         207
  -3001.56250       0.00000000       250.000000               0           0         208
  -2975.00000       0.00000000       250.000000               0           0         209
  -2948.43750       0.00000000       250.000000               0           0         210
  -2921.87500       0.00000000       250.000000               0           0         211
  -2895.31250       0.00000000       250.000000               0           0         212
  -2868.75000       0.00000000       250.000000               0           0         213
  -2842.18750       0.00000000       250.000000               0           0         214
  -2815.62500       0.00000000       250.000000               0           0         215
  -2789.06250       0.00000000       250.000000               0           0         216
  -2762.50000       0.00000000       250.000000               0           0         217
  -2735.93750       0.00000000       250.000000               0           0         218
  -2709.37500       0.00000000       250.000000               0           0         219
  -2682.81250       0.00000000       250.000000               0           0         220
  -2656.25000       0.00000000       250.000000               0           0         221
  -2629.68750       0.00000000       250.000000               0           0         222
  -2603.12500       0.00000000       250.000000               0           0         223
  -2576.56250       0.00000000       250.000000               0           0         224
  -2550.00000       0.00000000       250.000000               0           0         225
  -2523.43750       0.00000000       250.000000               0           0         226
  -2496.87500       0.00000000       250.000000               0           0         227
  -2470.31250       0.00000000       250.000000               0           0         228
  -2443.75000       0.00000000       250.000000               0           0         229
  -2417.18750       0.00000000       250.000000               0           0         230
  -2390.62500       0.00000000       250.000000               0           0         231
  -2364.06250       0.00000000       250.000000               0           0         232
  -2337.50000       0.00000000       250.000000               0           0         233
  -2310.93750       0.00000000       250.000000               0           0         234
  -2284.37500       0.00000000       250.000000               0           0         235
  -2257.81250       0.00000000       250.000000               0           0         236
  -2231.25000       0.00000000       250.000000               0           0         237
  -2204.68750       0.00000000       250.000000               0           0         238
  -2178.12500       0.00000000       250.000000               0           0         239
  -2151.56250       0.00000000       250.000000               0           0         240
  -2125.00000       0.00000000       250.000000               0           0         241
  -2098.43750       0.00000000       250.000000               0           0         242
  -2071.87500       0.00000000       250.000000               0           0         243
  -2045.31250       0.00000000       250.000000               0           0         244
  -2018.75000       0.00000000       250.000000               0           0         245
  -1992.18750       0.00000000       250.000000               0           0         246
  -1965.62500       0.00000000       250.000000               0           0         247
  -1939.06250       0.00000000       250.000000               0           0         248
  -1912.50000       0.00000000       250.000000               0           0         249
  -1885.93750       0.00000000       250.000000               0           0         250
  -1859.37500       0.00000000       250.000000               0           0         251
  -1832.81250       0.00000000       250.000000               0           0         252
  -1806.25000       0.00000000       250.000000               0           0         253
  -1779.68750       0.00000000       250.000000               0           0         254
  -1753.12500       0.00000000       250.000000               0           0         255
  -1726.56250       0.00000000       250.000000               0           0         256
  -1700.00000       0.00000000       250.000000               0           0         257
  -1673.43750       0.00000000       250.000000               0           0         258
  -1646.87500       0.00000000       250.000000               0           0         259
  -1620.31250       0.00000000       250.000000               0           0         260
  -1593.75000       0.00000000       250.000000               0           0         261
  -1567.18750       0.00000000       250.000000               0           0         262
  -1540.62500       0.00000000       250.000000               0           0         263
  -1514.06250       0.00000000       250.000000               0           0         264
  -1487.50000       0.00000000       250.000000               0           0         265
  -1460.93750       0.00000000       250.000000               0           0         266
  -1434.37500       0.00000000       250.000000               0           0         267
  -1407.81250       0.00000000       250.000000               0           0         268
  -1381.25000       0.00000000       250.000000               0           0         269
  -1354.68750       0.00000000       250.000000               0           0         270
  -1328.12500       0.00000000       250.000000               0           0         271
  -1301.56250       0.00000000       250.000000               0           0         272
  -1275.00000       0.00000000       250.000000               0           0         273
  -1248.43750       0.00000000       250.000000               0           0         274
  -1221.87500       0.00000000       250.000000               0           0         275
  -1195.31250       0.00000000       250.000000               0           0         276
  -1168.75000       0.00000000       250.000000               0           0         277
  -1142.18750       0.00000000       250.000000               0           0         278
  -1115.62500       0.00000000       250.000000               0           0         279
  -1089.06250       0.00000000       250.000000               0           0         280
  -1062.50000       0.00000000       250.000000               0           0         281
  -1035.93750       0.00000000       250.000000               0           0         282
  -1009.37500       0.00000000       250.000000               0           0         283
  -982.812500       0.00000000       250.000000               0           0         284
  -956.250000       0.00000000       250.000000               0           0         285
  -929.687500       0.00000000       250.000000               0           0         286
  -903.125000       0.00000000       250.000000               0           0         287
  -876.562500       0.00000000       250.000000               0           0         288
  -850.000000       0.00000000       250.000000               0           0         289
  -823.437500       0.00000000       250.000000               0           0         290
  -796.875000       0.00000000       250.000000               0           0         291
  -770.312500       0.00000000       250.000000               0           0         292
  -743.750000       0.00000000       250.000000               0           0         293
  -717.187500       0.00000000       250.000000               0           0         294
  -690.625000       0.00000000       250.000000               0           0         295
  -664.062500       0.00000000       250.000000               0           0         296
  -637.500000       0.00000000       250.000000               0           0         297
  -610.937500       0.00000000       250.000000               0           0         298
  -584.375000       0.00000000       250.000000               0           0         299
  -557.812500       0.00000000       250.000000               0           0         300
  -531.250000       0.00000000       250.000000               0           0         301
  -504.687500       0.00000000       250.000000               0           0         302
  -478.125000       0.00000000       250.000000               0           0         303
  -451.562500       0.00000000       250.000000               0           0         304
  -425.000000       0.00000000       250.000000               0           0         305
  -398.437500       0.00000000       250.000000               0           0         306
  -371.875000       0.00000000       250.000000               0           0         307
  -345.312500       0.00000000       250.000000               0           0         308
  -318.750000       0.00000000       250.000000               0           0         309
  -292.187500       0.00000000       250.000000               0           0         310
  -265.625000       0.00000000       250.000000               0           0         311
  -239.062500       0.00000000       250.000000               0           0         312
  -212.500000       0.00000000       250.000000               0           0         313
  -185.937500       0.00000000       250.000000               0           0         314
  -159.375000       0.00000000       250.000000               0           0         315
  -132.812500       0.00000000       250.000000               0           0         316
  -106.250000       0.00000000       250.000000               0           0         317
  -79.6875000       0.00000000       250.000000               0           0         318
  -53.1250000       0.00000000       250.000000               0           0         319
  -26.5625000       0.00000000       250.000000               0           0         320
   0.00000000       0.00000000       250.000000               0           0         321
   26.5625000       0.00000000       250.000000               0           0         322
   53.1250000       0.00000000       250.000000               0           0         323
   79.6875000       0.00000000       250.000000               0           0         324
   106.250000       0.00000000       250.000000               0           0         325
   132.812500       0.00000000       250.000000               0           0         326
   159.375000       0.00000000       250.000000               0           0         327
   185.937500       0.00000000       250.000000               0           0         328
   212.500000       0.00000000       250.000000               0           0         329
   239.062500       0.00000000       250.000000               0           0         330
   265.625000       0.00000000       250.000000               0           0         331
   292.187500       0.00000000       250.000000               0           0         332
   318.750000       0.00000000       250.000000               0           0         333
   345.312500       0.00000000       250.000000               0           0         334
   371.875000       0.00000000       250.000000               0           0         335
   398.437500       0.00000000       250.000000               0           0         336
   425.000000       0.00000000       250.000000               0           0         337
   451.562500       0.00000000       250.000000               0           0         338
   478.125000       0.00000000       250.000000               0           0         339
   504.687500       0.00000000       250.000000               0           0         340
   531.250000       0.00000000       250.000000               0           0         341
   557.812500       0.00000000       250.000000               0           0         342
   584.375000       0.00000000       250.000000               0           0         343
   610.937500       0.00000000       250.000000               0           0         344
   637.500000       0.00000000       250.000000               0           0         345
   664.062500       0.00000000       250.000000               0           0         346
   690.625000       0.00000000       250.000000               0           0         347
   717.187500       0.00000000       250.000000               0           0         348
   743.750000       0.00000000       250.000000               0           0         349
   770.312500       0.00000000       250.000000               0           0         350
   796.875000       0.00000000       250.000000               0           0         351
   823.437500       0.00000000       250.000000               0           0         352
   850.000000       0.00000000       250.000000               0           0         353
   876.562500       0.00000000       250.000000               0           0         354
   903.125000       0.00000000       250.000000               0           0         355
   929.687500       0.00000000       250.000000               0           0         356
   956.250000       0.00000000       250.000000               0           0         357
   982.812500       0.00000000       250.000000               0           0         358
   1009.37500       0.00000000       250.000000               0           0         359
   1035.93750       0.00000000       250.000000               0           0         360
   1062.50000       0.00000000       250.000000               0           0         361
   1089.06250       0.00000000       250.000000               0           0         362
   1115.62500       0.00000000       250.000000               0           0         363
   1142.18750       0.00000000       250.000000               0           0         364
   1168.75000       0.00000000       250.000000               0           0         365
   1195.31250       0.00000000       250.000000               0           0         366
   1221.87500       0.00000000       250.000000               0           0         367
   1248.43750       0.00000000       250.000000               0           0         368
   1275.00000       0.00000000       250.000000               0           0         369
   1301.56250       0.00000000       250.000000               0           0         370
   1328.12500       0.00000000       250.000000               0           0         371
   1354.68750       0.00000000       250.000000               0           0         372
   1381.25000       0.00000000       250.000000               0           0         373
   1407.81250       0.00000000       250.000000               0           0         374
   1434.37500       0.00000000       250.000000               0           0         375
   1460.93750       0.00000000       250.000000               0           0         376
   1487.50000       0.00000000       250.000000               0           0         377
   1514.06250       0.00000000       250.000000               0           0         378
   1540.62500       0.00000000       250.000000               0           0         379
   1567.18750       0.00000000       250.000000               0           0         380
   1593.75000       0.00000000       250.000000               0           0         381
   1620.31250       0.00000000       250.000000               0           0         382
   1646.87500       0.00000000       250.000000               0           0         383
   1673.43750       0.00000000       250.000000               0           0         384
   1700.00000       0.00000000       250.000000               0           0         385
   1726.56250       0.00000000       250.000000               0           0         386
   1753.12500       0.00000000       250.000000               0           0         387
   1779.68750       0.00000000       250.000000               0           0         388
   1806.25000       0.00000000       250.000000               0           0         389
   1832.81250       0.00000000       250.000000               0           0         390
   1859.37500       0.00000000       250.000000               0           0         391
   1885.93750       0.00000000       250.000000               0           0         392
   1912.50000       0.00000000       250.000000               0           0         393
   1939.06250       0.00000000       250.000000               0           0         394
   1965.62500       0.00000000       250.000000               0           0         395
   1992.18750       0.00000000       250.000000               0           0         396
   2018.75000       0.00000000       250.000000               0           0         397
   2045.31250       0.00000000       250.000000               0           0         398
   2071.87500       0.00000000       250.000000               0           0         399
   2098.43750       0.00000000       250.000000               0           0         400
   2125.00000       0.00000000       250.000000               0           0         401
   2151.56250       0.00000000       250.000000               0           0         402
   2178.12500       0.00000000       250.000000               0           0         403
   2204.68750       0.00000000       250.000000               0           0         404
   2231.25000       0.00000000       250.000000               0           0         405
   2257.81250       0.00000000       250.000000               0           0         406
   2284.37500       0.00000000       250.000000               0           0         407
   2310.93750       0.00000000       250.000000               0           0         408
   2337.50000       0.00000000       250.000000               0           0         409
   2364.06250       0.00000000       250.000000               0           0         410
   2390.62500       0.00000000       250.000000               0           0         411
   2417.18750       0.00000000       250.000000               0           0         412
   2443.75000       0.00000000       250.000000               0           0         413
   2470.31250       0.00000000       250.000000               0           0         414
   2496.87500       0.00000000       250.000000               0           0         415
   2523.43750       0.00000000       250.000000               0           0         416
   2550.00000       0.00000000       250.000000               0           0         417
   2576.56250       0.00000000       250.000000               0           0         418
   2603.12500       0.00000000       250.000000               0           0         419
   2629.68750       0.00000000       250.000000               0           0         420
   2656.25000       0.00000000       250.000000               0           0         421
   2682.81250       0.00000000       250.000000               0           0         422
   2709.37500       0.00000000       250.000000               0           0         423
   2735.93750       0.00000000       250.000000               0           0         424
   2762.50000       0.00000000       250.000000               0           0         425
   2789.06250       0.00000000       250.000000               0           0         426
   2815.62500       0.00000000       250.000000               0           0         427
   2842.18750       0.00000000       250.000000               0           0         428
   2868.75000       0.00000000       250.000000               0           0         429
   2895.31250       0.00000000       250.000000               0           0         430
   2921.87500       0.00000000       250.000000               0           0         431
   2948.43750       0.00000000       250.000000               0           0         432
   2975.00000       0.00000000       250.000000               0           0         433
   3001.56250       0.00000000       250.000000               0           0         434
   3028.12500       0.00000000       250.000000               0           0         435
   3054.68750       0.00000000       250.000000               0           0         436
   3081.25000       0.00000000       250.000000               0           0         437
   3107.81250       0.00000000       250.000000               0           0         438
   3134.37500       0.00000000       250.000000               0           0         439
   3160.93750       0.00000000       250.000000               0           0         440
   3187.50000       0.00000000       250.000000               0           0         441
   3214.06250       0.00000000       250.000000               0           0         442
   3240.62500       0.00000000       250.000000               0           0         443
   3267.18750       0.00000000       250.000000               0           0         444
   3293.75000       0.00000000       250.000000               0           0         445
   3320.31250       0.00000000       250.000000               0           0         446
   3346.87500       0.00000000       250.000000               0           0         447
   3373.43750       0.00000000       250.000000               0           0         448
   3400.00000       0.00000000       250.000000               0           0         449
   3426.56250       0.00000000       250.000000               0           0         450
   3453.12500       0.00000000       250.000000               0           0         451
   3479.68750       0.00000000       250.000000               0           0         452
   3506.25000       0.00000000       250.000000               0           0         453
   3532.81250       0.00000000       250.000000               0           0         454
   3559.37500       0.00000000       250.000000               0           0         455
   3585.93750       0.00000000       250.000000               0           0         456
   3612.50000       0.00000000       250.000000               0           0         457
   3639.06250       0.00000000       250.000000               0           0         458
   3665.62500       0.00000000       250.000000               0           0         459
   3692.18750       0.00000000       250.000000               0           0         460
   3718.75000       0.00000000       250.000000               0           0         461
   3745.31250       0.00000000       250.000000               0           0         462
   3771.87500       0.00000000       250.000000               0           0         463
   3798.43750       0.00000000       250.000000               0           0         464
   3825.00000       0.00000000       250.000000               0           0         465
   3851.56250       0.00000000       250.000000               0           0         466
   3878.12500       0.00000000       250.000000               0           0         467
   3904.68750       0.00000000       250.000000               0           0         468
   3931.25000       0.00000000       250.000000               0           0         469
   3957.81250       0.00000000       250.000000               0           0         470
   3984.37500       0.00000000       250.000000               0           0         471
   4010.93750       0.00000000       250.000000               0           0         472
   4037.50000       0.00000000       250.000000               0           0         473
   4064.06250       0.00000000       250.000000               0           0         474
   4090.62500       0.00000000       250.000000               0           0         475
   4117.18750       0.00000000       250.000000               0           0         476
   4143.75000       0.00000000       250.000000               0           0         477
   4170.31250       0.00000000       250.000000               0           0         478
   4196.87500       0.00000000       250.000000               0           0         479
   4223.43750       0.00000000       250.000000               0           0         480
   4250.00000       0.00000000       250.000000               0           0         481
   4276.56250       0.00000000       250.000000               0           0         482
   4303.12500       0.00000000       250.000000               0           0         483
   4329.68750       0.00000000       250.000000               0           0         484
   4356.25000       0.00000000       250.000000               0           0         485
   4382.81250       0.00000000       250.000000               0           0         486
   4409.37500       0.00000000       250.000000               0           0         487
   4435.93750       0.00000000       250.000000               0           0         488
   4462.50000       0.00000000       250.000000               0           0         489
   4489.06250       0.00000000       250.000000               0           0         490
   4515.62500       0.00000000       250.000000               0           0         491
   4542.18750       0.00000000       250.000000               0           0         492
   4568.75000       0.00000000       250.000000               0           0         493
   4595.31250       0.00000000       250.000000               0           0         494
   4621.87500       0.00000000       250.000000               0           0         495
   4648.43750       0.00000000       250.000000               0           0         496
   4675.00000       0.00000000       250.000000               0           0         497
   4701.56250       0.00000000       250.000000               0           0         498
   4728.12500       0.00000000       250.000000               0           0         499
   4754.68750       0.00000000       250.000000               0           0         500
   4781.25000       0.00000000       250.000000               0           0         501
   4807.81250       0.00000000       250.000000               0           0         502
   4834.37500       0.00000000       250.000000               0           0         503
   4860.93750       0.00000000       250.000000               0           0         504
   4887.50000       0.00000000       250.000000               0           0         505
   4914.06250       0.00000000       250.000000               0           0         506
   4940.62500       0.00000000       250.000000               0           0         507
   4967.18750       0.00000000       250.000000               0           0         508
   4993.75000       0.00000000       250.000000               0           0         509
   5020.31250       0.00000000       250.000000               0           0         510
   5046.87500       0.00000000       250.000000               0           0         511
   5073.43750       0.00000000       250.000000               0           0         512
   5100.00000       0.00000000       250.000000               0           0         513
   5126.56250       0.00000000       250.000000               0           0         514
   5153.12500       0.00000000       250.000000               0           0         515
   5179.68750       0.00000000       250.000000               0           0         516
   5206.25000       0.00000000       250.000000               0           0         517
   5232.81250       0.00000000       250.000000               0           0         518
   5259.37500       0.00000000       250.000000               0           0         519
   5285.93750       0.00000000       250.000000               0           0         520
   5312.50000       0.00000000       250.000000               0           0         521
   5339.06250       0.00000000       250.000000               0           0         522
   5365.62500       0.00000000       250.000000               0           0         523
   5392.18750       0.00000000       250.000000               0           0         524
   5418.75000       0.00000000       250.000000               0           0         525
   5445.31250       0.00000000       250.000000               0           0         526
   5471.87500       0.00000000       250.000000               0           0         527
   5498.43750       0.00000000       250.000000               0           0         528
   5525.00000       0.00000000       250.000000               0           0         529
   5551.56250       0.00000000       250.000000               0           0         530
   5578.12500       0.00000000       250.000000               0           0         531
   5604.68750       0.00000000       250.000000               0           0         532
   5631.25000       0.00000000       250.000000               0           0         533
   5657.81250       0.00000000       250.000000               0           0         534
   5684.37500       0.00000000       250.000000               0           0         535
   5710.93750       0.00000000       250.000000               0           0         536
   5737.50000       0.00000000       250.000000               0           0         537
   5764.06250       0.00000000       250.000000               0           0         538
   5790.62500       0.00000000       250.000000               0           0         539
   5817.18750       0.00000000       250.000000               0           0         540
   5843.75000       0.00000000       250.000000               0           0         541
   5870.31250       0.00000000       250.000000               0           0         542
   5896.87500       0.00000000       250.000000               0           0         543
   5923.43750       0.00000000       250.000000               0           0         544
   5950.00000       0.00000000       250.000000               0           0         545
   5976.56250       0.00000000       250.000000               0           0         546
   6003.12500       0.00000000       250.000000               0           0         547
   6029.68750       0.00000000       250.000000               0           0         548
   6056.25000       0.00000000       250.000000               0           0         549
   6082.81250       0.00000000       250.000000               0           0         550
   6109.37500       0.00000000       250.000000               0           0         551
   6135.93750       0.00000000       250.000000               0           0         552
   6162.50000       0.00000000       250.000000               0           0         553
   6189.06250       0.00000000       250.000000               0           0         554
   6215.62500       0.00000000       250.000000               0           0         555
   6242.18750       0.00000000       250.000000               0           0         556
   6268.75000       0.00000000       250.000000               0           0         557
   6295.31250       0.00000000       250.000000               0           0         558
   6321.87500       0.00000000       250.000000               0           0         559
   6348.43750       0.00000000       250.000000               0           0         560
   6375.00000       0.00000000       250.000000               0           0         561
   6401.56250       0.00000000       250.000000               0           0         562
   6428.12500       0.00000000       250.000000               0           0         563
   6454.68750       0.00000000       250.000000               0           0         564
   6481.25000       0.00000000       250.000000               0           0         565
   6507.81250       0.00000000       250.000000               0           0         566
   6534.37500       0.00000000       250.000000               0           0         567
   6560.93750       0.00000000       250.000000               0           0         568
   6587.50000       0.00000000       250.000000               0           0         569
   6614.06250       0.00000000       250.000000               0           0         570
   6640.62500       0.00000000       250.000000               0           0         571
   6667.18750       0.00000000       250.000000               0           0         572
   6693.75000       0.00000000       250.000000               0           0         573
   6720.31250       0.00000000       250.000000               0           0         574
   6746.87500       0.00000000       250.000000               0           0         575
   6773.43750       0.00000000       250.000000               0           0         576
   6800.00000       0.00000000       250.000000               0           0         577
   6826.56250       0.00000000       250.000000               0           0         578
   6853.12500       0.00000000       250.000000               0           0         579
   6879.68750       0.00000000       250.000000               0           0         580
   6906.25000       0.00000000       250.000000               0           0         581
   6932.81250       0.00000000       250.000000               0           0         582
   6959.37500       0.00000000       250.000000               0           0         583
   6985.93750       0.00000000       250.000000               0           0         584
   7012.50000       0.00000000       250.000000               0           0         585
   7039.06250       0.00000000       250.000000               0           0         586
   7065.62500       0.00000000       250.000000               0           0         587
   7092.18750       0.00000000       250.000000               0           0         588
   7118.75000       0.00000000       250.000000               0           0         589
   7145.31250       0.00000000       250.000000               0           0         590
   7171.87500       0.00000000       250.000000               0           0         591
   7198.43750       0.00000000       250.000000               0           0         592
   7225.00000       0.00000000       250.000000               0           0         593
   7251.56250       0.00000000       250.000000               0           0         594
   7278.12500       0.00000000       250.000000               0           0         595
   7304.68750       0.00000000       250.000000               0           0         596
   7331.25000       0.00000000       250.000000               0           0         597
   7357.81250       0.00000000       250.000000               0           0         598
   7384.37500       0.00000000       250.000000               0           0         599
   7410.93750       0.00000000       250.000000               0           0         600
   7437.50000       0.00000000       250.000000               0           0         601
   7464.06250       0.00000000       250.000000               0           0         602
   7490.62500       0.00000000       250.000000               0           0         603
   7517.18750       0.00000000       250.000000               0           0         604
   7543.75000       0.00000000       250.000000               0           0         605
   7570.31250       0.00000000       250.000000               0           0         606
   7596.87500       0.00000000       250.000000               0           0         607
   7623.43750       0.00000000       250.000000               0           0         608
   7650.00000       0.00000000       250.000000               0           0         609
   7676.56250       0.00000000       250.000000               0           0         610
   7703.12500       0.00000000       250.000000               0           0         611
   7729.68750       0.00000000       250.000000               0           0         612
   7756.25000       0.00000000       250.000000               0           0         613
   7782.81250       0.00000000       250.000000               0           0         614
   7809.37500       0.00000000       250.000000               0           0         615
   7835.93750       0.00000000       250.000000               0           0         616
   7862.50000       0.00000000       250.000000               0           0         617
   7889.06250       0.00000000       250.000000               0           0         618
   7915.62500       0.00000000       250.000000               0           0         619
   7942.18750       0.00000000       250.000000               0           0         620
   7968.75000       0.00000000       250.000000               0           0         621
   7995.31250       0.00000000       250.000000               0           0         622
   8021.87500       0.00000000       250.000000               0           0         623
   8048.43750       0.00000000       250.000000               0           0         624
   8075.00000       0.00000000       250.000000               0           0         625
   8101.56250       0.00000000       250.000000               0           0         626
   8128.12500       0.00000000       250.000000               0           0         627
   8154.68750       0.00000000       250.000000               0           0         628
   8181.25000       0.00000000       250.000000               0           0         629
   8207.81250       0.00000000       250.000000               0           0         630
   8234.37500       0.00000000       250.000000               0           0         631
   8260.93750       0.00000000       250.000000               0           0         632
   8287.50000       0.00000000       250.000000               0           0         633
   8314.06250       0.00000000       250.000000               0           0         634
   8340.62500       0.00000000       250.000000               0           0         635
   8367.18750       0.00000000       250.000000               0           0         636
   8393.75000       0.00000000       250.000000               0           0         637
   8420.31250       0.00000000       250.000000               0           0         638
   8446.87500       0.00000000       250.000000               0           0         639
   8473.43750       0.00000000       250.000000               0           0         640
   8500.00000       0.00000000       250.000000               0           0         641
