           0           0         200           0           0           0
  -8000.00000       0.00000000       250.000000               0           0           1
  -7975.00000       0.00000000       250.000000               0           0           1
  -7950.00000       0.00000000       250.000000               0           0           1
  -7925.00000       0.00000000       250.000000               0           0           1
  -7900.00000       0.00000000       250.000000               0           0           1
  -7875.00000       0.00000000       250.000000               0           0           1
  -7850.00000       0.00000000       250.000000               0           0           1
  -7825.00000       0.00000000       250.000000               0           0           1
  -7800.00000       0.00000000       250.000000               0           0           1
  -7775.00000       0.00000000       250.000000               0           0           1
  -7750.00000       0.00000000       250.000000               0           0           1
  -7725.00000       0.00000000       250.000000               0           0           1
  -7700.00000       0.00000000       250.000000               0           0           1
  -7675.00000       0.00000000       250.000000               0           0           1
  -7650.00000       0.00000000       250.000000               0           0           1
  -7625.00000       0.00000000       250.000000               0           0           1
  -7600.00000       0.00000000       250.000000               0           0           1
  -7575.00000       0.00000000       250.000000               0           0           1
  -7550.00000       0.00000000       250.000000               0           0           1
  -7525.00000       0.00000000       250.000000               0           0           1
  -7500.00000       0.00000000       250.000000               0           0           1
  -7475.00000       0.00000000       250.000000               0           0           1
  -7450.00000       0.00000000       250.000000               0           0           1
  -7425.00000       0.00000000       250.000000               0           0           1
  -7400.00000       0.00000000       250.000000               0           0           1
  -7375.00000       0.00000000       250.000000               0           0           1
  -7350.00000       0.00000000       250.000000               0           0           1
  -7325.00000       0.00000000       250.000000               0           0           1
  -7300.00000       0.00000000       250.000000               0           0           1
  -7275.00000       0.00000000       250.000000               0           0           1
  -7250.00000       0.00000000       250.000000               0           0           1
  -7225.00000       0.00000000       250.000000               0           0           1
  -7200.00000       0.00000000       250.000000               0           0           1
  -7175.00000       0.00000000       250.000000               0           0           1
  -7150.00000       0.00000000       250.000000               0           0           1
  -7125.00000       0.00000000       250.000000               0           0           1
  -7100.00000       0.00000000       250.000000               0           0           1
  -7075.00000       0.00000000       250.000000               0           0           1
  -7050.00000       0.00000000       250.000000               0           0           1
  -7025.00000       0.00000000       250.000000               0           0           1
  -7000.00000       0.00000000       250.000000               0           0           1
  -6975.00000       0.00000000       250.000000               0           0           1
  -6950.00000       0.00000000       250.000000               0           0           1
  -6925.00000       0.00000000       250.000000               0           0           1
  -6900.00000       0.00000000       250.000000               0           0           1
  -6875.00000       0.00000000       250.000000               0           0           1
  -6850.00000       0.00000000       250.000000               0           0           1
  -6825.00000       0.00000000       250.000000               0           0           1
  -6800.00000       0.00000000       250.000000               0           0           1
  -6775.00000       0.00000000       250.000000               0           0           1
  -6750.00000       0.00000000       250.000000               0           0           1
  -6725.00000       0.00000000       250.000000               0           0           1
  -6700.00000       0.00000000       250.000000               0           0           1
  -6675.00000       0.00000000       250.000000               0           0           1
  -6650.00000       0.00000000       250.000000               0           0           1
  -6625.00000       0.00000000       250.000000               0           0           1
  -6600.00000       0.00000000       250.000000               0           0           1
  -6575.00000       0.00000000       250.000000               0           0           1
  -6550.00000       0.00000000       250.000000               0           0           1
  -6525.00000       0.00000000       250.000000               0           0           1
  -6500.00000       0.00000000       250.000000               0           0           1
  -6475.00000       0.00000000       250.000000               0           0           1
  -6450.00000       0.00000000       250.000000               0           0           1
  -6425.00000       0.00000000       250.000000               0           0           1
  -6400.00000       0.00000000       250.000000               0           0           1
  -6375.00000       0.00000000       250.000000               0           0           1
  -6350.00000       0.00000000       250.000000               0           0           1
  -6325.00000       0.00000000       250.000000               0           0           1
  -6300.00000       0.00000000       250.000000               0           0           1
  -6275.00000       0.00000000       250.000000               0           0           1
  -6250.00000       0.00000000       250.000000               0           0           1
  -6225.00000       0.00000000       250.000000               0           0           1
  -6200.00000       0.00000000       250.000000               0           0           1
  -6175.00000       0.00000000       250.000000               0           0           1
  -6150.00000       0.00000000       250.000000               0           0           1
  -6125.00000       0.00000000       250.000000               0           0           1
  -6100.00000       0.00000000       250.000000               0           0           1
  -6075.00000       0.00000000       250.000000               0           0           1
  -6050.00000       0.00000000       250.000000               0           0           1
  -6025.00000       0.00000000       250.000000               0           0           1
  -6000.00000       0.00000000       250.000000               0           0           1
  -5975.00000       0.00000000       250.000000               0           0           1
  -5950.00000       0.00000000       250.000000               0           0           1
  -5925.00000       0.00000000       250.000000               0           0           1
  -5900.00000       0.00000000       250.000000               0           0           1
  -5875.00000       0.00000000       250.000000               0           0           1
  -5850.00000       0.00000000       250.000000               0           0           1
  -5825.00000       0.00000000       250.000000               0           0           1
  -5800.00000       0.00000000       250.000000               0           0           1
  -5775.00000       0.00000000       250.000000               0           0           1
  -5750.00000       0.00000000       250.000000               0           0           1
  -5725.00000       0.00000000       250.000000               0           0           1
  -5700.00000       0.00000000       250.000000               0           0           1
  -5675.00000       0.00000000       250.000000               0           0           1
  -5650.00000       0.00000000       250.000000               0           0           1
  -5625.00000       0.00000000       250.000000               0           0           1
  -5600.00000       0.00000000       250.000000               0           0           1
  -5575.00000       0.00000000       250.000000               0           0           1
  -5550.00000       0.00000000       250.000000               0           0           1
  -5525.00000       0.00000000       250.000000               0           0           1
  -5500.00000       0.00000000       250.000000               0           0           1
  -5475.00000       0.00000000       250.000000               0           0           1
  -5450.00000       0.00000000       250.000000               0           0           1
  -5425.00000       0.00000000       250.000000               0           0           1
  -5400.00000       0.00000000       250.000000               0           0           1
  -5375.00000       0.00000000       250.000000               0           0           1
  -5350.00000       0.00000000       250.000000               0           0           1
  -5325.00000       0.00000000       250.000000               0           0           1
  -5300.00000       0.00000000       250.000000               0           0           1
  -5275.00000       0.00000000       250.000000               0           0           1
  -5250.00000       0.00000000       250.000000               0           0           1
  -5225.00000       0.00000000       250.000000               0           0           1
  -5200.00000       0.00000000       250.000000               0           0           1
  -5175.00000       0.00000000       250.000000               0           0           1
  -5150.00000       0.00000000       250.000000               0           0           1
  -5125.00000       0.00000000       250.000000               0           0           1
  -5100.00000       0.00000000       250.000000               0           0           1
  -5075.00000       0.00000000       250.000000               0           0           1
  -5050.00000       0.00000000       250.000000               0           0           1
  -5025.00000       0.00000000       250.000000               0           0           1
  -5000.00000       0.00000000       250.000000               0           0           1
  -4975.00000       0.00000000       250.000000               0           0           1
  -4950.00000       0.00000000       250.000000               0           0           1
  -4925.00000       0.00000000       250.000000               0           0           1
  -4900.00000       0.00000000       250.000000               0           0           1
  -4875.00000       0.00000000       250.000000               0           0           1
  -4850.00000       0.00000000       250.000000               0           0           1
  -4825.00000       0.00000000       250.000000               0           0           1
  -4800.00000       0.00000000       250.000000               0           0           1
  -4775.00000       0.00000000       250.000000               0           0           1
  -4750.00000       0.00000000       250.000000               0           0           1
  -4725.00000       0.00000000       250.000000               0           0           1
  -4700.00000       0.00000000       250.000000               0           0           1
  -4675.00000       0.00000000       250.000000               0           0           1
  -4650.00000       0.00000000       250.000000               0           0           1
  -4625.00000       0.00000000       250.000000               0           0           1
  -4600.00000       0.00000000       250.000000               0           0           1
  -4575.00000       0.00000000       250.000000               0           0           1
  -4550.00000       0.00000000       250.000000               0           0           1
  -4525.00000       0.00000000       250.000000               0           0           1
  -4500.00000       0.00000000       250.000000               0           0           1
  -4475.00000       0.00000000       250.000000               0           0           1
  -4450.00000       0.00000000       250.000000               0           0           1
  -4425.00000       0.00000000       250.000000               0           0           1
  -4400.00000       0.00000000       250.000000               0           0           1
  -4375.00000       0.00000000       250.000000               0           0           1
  -4350.00000       0.00000000       250.000000               0           0           1
  -4325.00000       0.00000000       250.000000               0           0           1
  -4300.00000       0.00000000       250.000000               0           0           1
  -4275.00000       0.00000000       250.000000               0           0           1
  -4250.00000       0.00000000       250.000000               0           0           1
  -4225.00000       0.00000000       250.000000               0           0           1
  -4200.00000       0.00000000       250.000000               0           0           1
  -4175.00000       0.00000000       250.000000               0           0           1
  -4150.00000       0.00000000       250.000000               0           0           1
  -4125.00000       0.00000000       250.000000               0           0           1
  -4100.00000       0.00000000       250.000000               0           0           1
  -4075.00000       0.00000000       250.000000               0           0           1
  -4050.00000       0.00000000       250.000000               0           0           1
  -4025.00000       0.00000000       250.000000               0           0           1
  -4000.00000       0.00000000       250.000000               0           0           1
  -3975.00000       0.00000000       250.000000               0           0           1
  -3950.00000       0.00000000       250.000000               0           0           1
  -3925.00000       0.00000000       250.000000               0           0           1
  -3900.00000       0.00000000       250.000000               0           0           1
  -3875.00000       0.00000000       250.000000               0           0           1
  -3850.00000       0.00000000       250.000000               0           0           1
  -3825.00000       0.00000000       250.000000               0           0           1
  -3800.00000       0.00000000       250.000000               0           0           1
  -3775.00000       0.00000000       250.000000               0           0           1
  -3750.00000       0.00000000       250.000000               0           0           1
  -3725.00000       0.00000000       250.000000               0           0           1
  -3700.00000       0.00000000       250.000000               0           0           1
  -3675.00000       0.00000000       250.000000               0           0           1
  -3650.00000       0.00000000       250.000000               0           0           1
  -3625.00000       0.00000000       250.000000               0           0           1
  -3600.00000       0.00000000       250.000000               0           0           1
  -3575.00000       0.00000000       250.000000               0           0           1
  -3550.00000       0.00000000       250.000000               0           0           1
  -3525.00000       0.00000000       250.000000               0           0           1
  -3500.00000       0.00000000       250.000000               0           0           1
  -3475.00000       0.00000000       250.000000               0           0           1
  -3450.00000       0.00000000       250.000000               0           0           1
  -3425.00000       0.00000000       250.000000               0           0           1
  -3400.00000       0.00000000       250.000000               0           0           1
  -3375.00000       0.00000000       250.000000               0           0           1
  -3350.00000       0.00000000       250.000000               0           0           1
  -3325.00000       0.00000000       250.000000               0           0           1
  -3300.00000       0.00000000       250.000000               0           0           1
  -3275.00000       0.00000000       250.000000               0           0           1
  -3250.00000       0.00000000       250.000000               0           0           1
  -3225.00000       0.00000000       250.000000               0           0           1
  -3200.00000       0.00000000       250.000000               0           0           1
  -3175.00000       0.00000000       250.000000               0           0           1
  -3150.00000       0.00000000       250.000000               0           0           1
  -3125.00000       0.00000000       250.000000               0           0           1
  -3100.00000       0.00000000       250.000000               0           0           1
  -3075.00000       0.00000000       250.000000               0           0           1
  -3050.00000       0.00000000       250.000000               0           0           1
  -3025.00000       0.00000000       250.000000               0           0           1
  -3000.00000       0.00000000       250.000000               0           0           1
  -2975.00000       0.00000000       250.000000               0           0           1
  -2950.00000       0.00000000       250.000000               0           0           1
  -2925.00000       0.00000000       250.000000               0           0           1
  -2900.00000       0.00000000       250.000000               0           0           1
  -2875.00000       0.00000000       250.000000               0           0           1
  -2850.00000       0.00000000       250.000000               0           0           1
  -2825.00000       0.00000000       250.000000               0           0           1
  -2800.00000       0.00000000       250.000000               0           0           1
  -2775.00000       0.00000000       250.000000               0           0           1
  -2750.00000       0.00000000       250.000000               0           0           1
  -2725.00000       0.00000000       250.000000               0           0           1
  -2700.00000       0.00000000       250.000000               0           0           1
  -2675.00000       0.00000000       250.000000               0           0           1
  -2650.00000       0.00000000       250.000000               0           0           1
  -2625.00000       0.00000000       250.000000               0           0           1
  -2600.00000       0.00000000       250.000000               0           0           1
  -2575.00000       0.00000000       250.000000               0           0           1
  -2550.00000       0.00000000       250.000000               0           0           1
  -2525.00000       0.00000000       250.000000               0           0           1
  -2500.00000       0.00000000       250.000000               0           0           1
  -2475.00000       0.00000000       250.000000               0           0           1
  -2450.00000       0.00000000       250.000000               0           0           1
  -2425.00000       0.00000000       250.000000               0           0           1
  -2400.00000       0.00000000       250.000000               0           0           1
  -2375.00000       0.00000000       250.000000               0           0           1
  -2350.00000       0.00000000       250.000000               0           0           1
  -2325.00000       0.00000000       250.000000               0           0           1
  -2300.00000       0.00000000       250.000000               0           0           1
  -2275.00000       0.00000000       250.000000               0           0           1
  -2250.00000       0.00000000       250.000000               0           0           1
  -2225.00000       0.00000000       250.000000               0           0           1
  -2200.00000       0.00000000       250.000000               0           0           1
  -2175.00000       0.00000000       250.000000               0           0           1
  -2150.00000       0.00000000       250.000000               0           0           1
  -2125.00000       0.00000000       250.000000               0           0           1
  -2100.00000       0.00000000       250.000000               0           0           1
  -2075.00000       0.00000000       250.000000               0           0           1
  -2050.00000       0.00000000       250.000000               0           0           1
  -2025.00000       0.00000000       250.000000               0           0           1
  -2000.00000       0.00000000       250.000000               0           0           1
  -1975.00000       0.00000000       250.000000               0           0           1
  -1950.00000       0.00000000       250.000000               0           0           1
  -1925.00000       0.00000000       250.000000               0           0           1
  -1900.00000       0.00000000       250.000000               0           0           1
  -1875.00000       0.00000000       250.000000               0           0           1
  -1850.00000       0.00000000       250.000000               0           0           1
  -1825.00000       0.00000000       250.000000               0           0           1
  -1800.00000       0.00000000       250.000000               0           0           1
  -1775.00000       0.00000000       250.000000               0           0           1
  -1750.00000       0.00000000       250.000000               0           0           1
  -1725.00000       0.00000000       250.000000               0           0           1
  -1700.00000       0.00000000       250.000000               0           0           1
  -1675.00000       0.00000000       250.000000               0           0           1
  -1650.00000       0.00000000       250.000000               0           0           1
  -1625.00000       0.00000000       250.000000               0           0           1
  -1600.00000       0.00000000       250.000000               0           0           1
  -1575.00000       0.00000000       250.000000               0           0           1
  -1550.00000       0.00000000       250.000000               0           0           1
  -1525.00000       0.00000000       250.000000               0           0           1
  -1500.00000       0.00000000       250.000000               0           0           1
  -1475.00000       0.00000000       250.000000               0           0           1
  -1450.00000       0.00000000       250.000000               0           0           1
  -1425.00000       0.00000000       250.000000               0           0           1
  -1400.00000       0.00000000       250.000000               0           0           1
  -1375.00000       0.00000000       250.000000               0           0           1
  -1350.00000       0.00000000       250.000000               0           0           1
  -1325.00000       0.00000000       250.000000               0           0           1
  -1300.00000       0.00000000       250.000000               0           0           1
  -1275.00000       0.00000000       250.000000               0           0           1
  -1250.00000       0.00000000       250.000000               0           0           1
  -1225.00000       0.00000000       250.000000               0           0           1
  -1200.00000       0.00000000       250.000000               0           0           1
  -1175.00000       0.00000000       250.000000               0           0           1
  -1150.00000       0.00000000       250.000000               0           0           1
  -1125.00000       0.00000000       250.000000               0           0           1
  -1100.00000       0.00000000       250.000000               0           0           1
  -1075.00000       0.00000000       250.000000               0           0           1
  -1050.00000       0.00000000       250.000000               0           0           1
  -1025.00000       0.00000000       250.000000               0           0           1
  -1000.00000       0.00000000       250.000000               0           0           1
  -975.000000       0.00000000       250.000000               0           0           1
  -950.000000       0.00000000       250.000000               0           0           1
  -925.000000       0.00000000       250.000000               0           0           1
  -900.000000       0.00000000       250.000000               0           0           1
  -875.000000       0.00000000       250.000000               0           0           1
  -850.000000       0.00000000       250.000000               0           0           1
  -825.000000       0.00000000       250.000000               0           0           1
  -800.000000       0.00000000       250.000000               0           0           1
  -775.000000       0.00000000       250.000000               0           0           1
  -750.000000       0.00000000       250.000000               0           0           1
  -725.000000       0.00000000       250.000000               0           0           1
  -700.000000       0.00000000       250.000000               0           0           1
  -675.000000       0.00000000       250.000000               0           0           1
  -650.000000       0.00000000       250.000000               0           0           1
  -625.000000       0.00000000       250.000000               0           0           1
  -600.000000       0.00000000       250.000000               0           0           1
  -575.000000       0.00000000       250.000000               0           0           1
  -550.000000       0.00000000       250.000000               0           0           1
  -525.000000       0.00000000       250.000000               0           0           1
  -500.000000       0.00000000       250.000000               0           0           1
  -475.000000       0.00000000       250.000000               0           0           1
  -450.000000       0.00000000       250.000000               0           0           1
  -425.000000       0.00000000       250.000000               0           0           1
  -400.000000       0.00000000       250.000000               0           0           1
  -375.000000       0.00000000       250.000000               0           0           1
  -350.000000       0.00000000       250.000000               0           0           1
  -325.000000       0.00000000       250.000000               0           0           1
  -300.000000       0.00000000       250.000000               0           0           1
  -275.000000       0.00000000       250.000000               0           0           1
  -250.000000       0.00000000       250.000000               0           0           1
  -225.000000       0.00000000       250.000000               0           0           1
  -200.000000       0.00000000       250.000000               0           0           1
  -175.000000       0.00000000       250.000000               0           0           1
  -150.000000       0.00000000       250.000000               0           0           1
  -125.000000       0.00000000       250.000000               0           0           1
  -100.000000       0.00000000       250.000000               0           0           1
  -75.0000000       0.00000000       250.000000               0           0           1
  -50.0000000       0.00000000       250.000000               0           0           1
  -25.0000000       0.00000000       250.000000               0           0           1
   0.00000000       0.00000000       250.000000               0           0           1
   25.0000000       0.00000000       250.000000               0           0           1
   50.0000000       0.00000000       250.000000               0           0           1
   75.0000000       0.00000000       250.000000               0           0           1
   100.000000       0.00000000       250.000000               0           0           1
   125.000000       0.00000000       250.000000               0           0           1
   150.000000       0.00000000       250.000000               0           0           1
   175.000000       0.00000000       250.000000               0           0           1
   200.000000       0.00000000       250.000000               0           0           1
   225.000000       0.00000000       250.000000               0           0           1
   250.000000       0.00000000       250.000000               0           0           1
   275.000000       0.00000000       250.000000               0           0           1
   300.000000       0.00000000       250.000000               0           0           1
   325.000000       0.00000000       250.000000               0           0           1
   350.000000       0.00000000       250.000000               0           0           1
   375.000000       0.00000000       250.000000               0           0           1
   400.000000       0.00000000       250.000000               0           0           1
   425.000000       0.00000000       250.000000               0           0           1
   450.000000       0.00000000       250.000000               0           0           1
   475.000000       0.00000000       250.000000               0           0           1
   500.000000       0.00000000       250.000000               0           0           1
   525.000000       0.00000000       250.000000               0           0           1
   550.000000       0.00000000       250.000000               0           0           1
   575.000000       0.00000000       250.000000               0           0           1
   600.000000       0.00000000       250.000000               0           0           1
   625.000000       0.00000000       250.000000               0           0           1
   650.000000       0.00000000       250.000000               0           0           1
   675.000000       0.00000000       250.000000               0           0           1
   700.000000       0.00000000       250.000000               0           0           1
   725.000000       0.00000000       250.000000               0           0           1
   750.000000       0.00000000       250.000000               0           0           1
   775.000000       0.00000000       250.000000               0           0           1
   800.000000       0.00000000       250.000000               0           0           1
   825.000000       0.00000000       250.000000               0           0           1
   850.000000       0.00000000       250.000000               0           0           1
   875.000000       0.00000000       250.000000               0           0           1
   900.000000       0.00000000       250.000000               0           0           1
   925.000000       0.00000000       250.000000               0           0           1
   950.000000       0.00000000       250.000000               0           0           1
   975.000000       0.00000000       250.000000               0           0           1
   1000.00000       0.00000000       250.000000               0           0           1
   1025.00000       0.00000000       250.000000               0           0           1
   1050.00000       0.00000000       250.000000               0           0           1
   1075.00000       0.00000000       250.000000               0           0           1
   1100.00000       0.00000000       250.000000               0           0           1
   1125.00000       0.00000000       250.000000               0           0           1
   1150.00000       0.00000000       250.000000               0           0           1
   1175.00000       0.00000000       250.000000               0           0           1
   1200.00000       0.00000000       250.000000               0           0           1
   1225.00000       0.00000000       250.000000               0           0           1
   1250.00000       0.00000000       250.000000               0           0           1
   1275.00000       0.00000000       250.000000               0           0           1
   1300.00000       0.00000000       250.000000               0           0           1
   1325.00000       0.00000000       250.000000               0           0           1
   1350.00000       0.00000000       250.000000               0           0           1
   1375.00000       0.00000000       250.000000               0           0           1
   1400.00000       0.00000000       250.000000               0           0           1
   1425.00000       0.00000000       250.000000               0           0           1
   1450.00000       0.00000000       250.000000               0           0           1
   1475.00000       0.00000000       250.000000               0           0           1
   1500.00000       0.00000000       250.000000               0           0           1
   1525.00000       0.00000000       250.000000               0           0           1
   1550.00000       0.00000000       250.000000               0           0           1
   1575.00000       0.00000000       250.000000               0           0           1
   1600.00000       0.00000000       250.000000               0           0           1
   1625.00000       0.00000000       250.000000               0           0           1
   1650.00000       0.00000000       250.000000               0           0           1
   1675.00000       0.00000000       250.000000               0           0           1
   1700.00000       0.00000000       250.000000               0           0           1
   1725.00000       0.00000000       250.000000               0           0           1
   1750.00000       0.00000000       250.000000               0           0           1
   1775.00000       0.00000000       250.000000               0           0           1
   1800.00000       0.00000000       250.000000               0           0           1
   1825.00000       0.00000000       250.000000               0           0           1
   1850.00000       0.00000000       250.000000               0           0           1
   1875.00000       0.00000000       250.000000               0           0           1
   1900.00000       0.00000000       250.000000               0           0           1
   1925.00000       0.00000000       250.000000               0           0           1
   1950.00000       0.00000000       250.000000               0           0           1
   1975.00000       0.00000000       250.000000               0           0           1
   2000.00000       0.00000000       250.000000               0           0           1
   2025.00000       0.00000000       250.000000               0           0           1
   2050.00000       0.00000000       250.000000               0           0           1
   2075.00000       0.00000000       250.000000               0           0           1
   2100.00000       0.00000000       250.000000               0           0           1
   2125.00000       0.00000000       250.000000               0           0           1
   2150.00000       0.00000000       250.000000               0           0           1
   2175.00000       0.00000000       250.000000               0           0           1
   2200.00000       0.00000000       250.000000               0           0           1
   2225.00000       0.00000000       250.000000               0           0           1
   2250.00000       0.00000000       250.000000               0           0           1
   2275.00000       0.00000000       250.000000               0           0           1
   2300.00000       0.00000000       250.000000               0           0           1
   2325.00000       0.00000000       250.000000               0           0           1
   2350.00000       0.00000000       250.000000               0           0           1
   2375.00000       0.00000000       250.000000               0           0           1
   2400.00000       0.00000000       250.000000               0           0           1
   2425.00000       0.00000000       250.000000               0           0           1
   2450.00000       0.00000000       250.000000               0           0           1
   2475.00000       0.00000000       250.000000               0           0           1
   2500.00000       0.00000000       250.000000               0           0           1
   2525.00000       0.00000000       250.000000               0           0           1
   2550.00000       0.00000000       250.000000               0           0           1
   2575.00000       0.00000000       250.000000               0           0           1
   2600.00000       0.00000000       250.000000               0           0           1
   2625.00000       0.00000000       250.000000               0           0           1
   2650.00000       0.00000000       250.000000               0           0           1
   2675.00000       0.00000000       250.000000               0           0           1
   2700.00000       0.00000000       250.000000               0           0           1
   2725.00000       0.00000000       250.000000               0           0           1
   2750.00000       0.00000000       250.000000               0           0           1
   2775.00000       0.00000000       250.000000               0           0           1
   2800.00000       0.00000000       250.000000               0           0           1
   2825.00000       0.00000000       250.000000               0           0           1
   2850.00000       0.00000000       250.000000               0           0           1
   2875.00000       0.00000000       250.000000               0           0           1
   2900.00000       0.00000000       250.000000               0           0           1
   2925.00000       0.00000000       250.000000               0           0           1
   2950.00000       0.00000000       250.000000               0           0           1
   2975.00000       0.00000000       250.000000               0           0           1
   3000.00000       0.00000000       250.000000               0           0           1
   3025.00000       0.00000000       250.000000               0           0           1
   3050.00000       0.00000000       250.000000               0           0           1
   3075.00000       0.00000000       250.000000               0           0           1
   3100.00000       0.00000000       250.000000               0           0           1
   3125.00000       0.00000000       250.000000               0           0           1
   3150.00000       0.00000000       250.000000               0           0           1
   3175.00000       0.00000000       250.000000               0           0           1
   3200.00000       0.00000000       250.000000               0           0           1
   3225.00000       0.00000000       250.000000               0           0           1
   3250.00000       0.00000000       250.000000               0           0           1
   3275.00000       0.00000000       250.000000               0           0           1
   3300.00000       0.00000000       250.000000               0           0           1
   3325.00000       0.00000000       250.000000               0           0           1
   3350.00000       0.00000000       250.000000               0           0           1
   3375.00000       0.00000000       250.000000               0           0           1
   3400.00000       0.00000000       250.000000               0           0           1
   3425.00000       0.00000000       250.000000               0           0           1
   3450.00000       0.00000000       250.000000               0           0           1
   3475.00000       0.00000000       250.000000               0           0           1
   3500.00000       0.00000000       250.000000               0           0           1
   3525.00000       0.00000000       250.000000               0           0           1
   3550.00000       0.00000000       250.000000               0           0           1
   3575.00000       0.00000000       250.000000               0           0           1
   3600.00000       0.00000000       250.000000               0           0           1
   3625.00000       0.00000000       250.000000               0           0           1
   3650.00000       0.00000000       250.000000               0           0           1
   3675.00000       0.00000000       250.000000               0           0           1
   3700.00000       0.00000000       250.000000               0           0           1
   3725.00000       0.00000000       250.000000               0           0           1
   3750.00000       0.00000000       250.000000               0           0           1
   3775.00000       0.00000000       250.000000               0           0           1
   3800.00000       0.00000000       250.000000               0           0           1
   3825.00000       0.00000000       250.000000               0           0           1
   3850.00000       0.00000000       250.000000               0           0           1
   3875.00000       0.00000000       250.000000               0           0           1
   3900.00000       0.00000000       250.000000               0           0           1
   3925.00000       0.00000000       250.000000               0           0           1
   3950.00000       0.00000000       250.000000               0           0           1
   3975.00000       0.00000000       250.000000               0           0           1
   4000.00000       0.00000000       250.000000               0           0           1
   4025.00000       0.00000000       250.000000               0           0           1
   4050.00000       0.00000000       250.000000               0           0           1
   4075.00000       0.00000000       250.000000               0           0           1
   4100.00000       0.00000000       250.000000               0           0           1
   4125.00000       0.00000000       250.000000               0           0           1
   4150.00000       0.00000000       250.000000               0           0           1
   4175.00000       0.00000000       250.000000               0           0           1
   4200.00000       0.00000000       250.000000               0           0           1
   4225.00000       0.00000000       250.000000               0           0           1
   4250.00000       0.00000000       250.000000               0           0           1
   4275.00000       0.00000000       250.000000               0           0           1
   4300.00000       0.00000000       250.000000               0           0           1
   4325.00000       0.00000000       250.000000               0           0           1
   4350.00000       0.00000000       250.000000               0           0           1
   4375.00000       0.00000000       250.000000               0           0           1
   4400.00000       0.00000000       250.000000               0           0           1
   4425.00000       0.00000000       250.000000               0           0           1
   4450.00000       0.00000000       250.000000               0           0           1
   4475.00000       0.00000000       250.000000               0           0           1
   4500.00000       0.00000000       250.000000               0           0           1
   4525.00000       0.00000000       250.000000               0           0           1
   4550.00000       0.00000000       250.000000               0           0           1
   4575.00000       0.00000000       250.000000               0           0           1
   4600.00000       0.00000000       250.000000               0           0           1
   4625.00000       0.00000000       250.000000               0           0           1
   4650.00000       0.00000000       250.000000               0           0           1
   4675.00000       0.00000000       250.000000               0           0           1
   4700.00000       0.00000000       250.000000               0           0           1
   4725.00000       0.00000000       250.000000               0           0           1
   4750.00000       0.00000000       250.000000               0           0           1
   4775.00000       0.00000000       250.000000               0           0           1
   4800.00000       0.00000000       250.000000               0           0           1
   4825.00000       0.00000000       250.000000               0           0           1
   4850.00000       0.00000000       250.000000               0           0           1
   4875.00000       0.00000000       250.000000               0           0           1
   4900.00000       0.00000000       250.000000               0           0           1
   4925.00000       0.00000000       250.000000               0           0           1
   4950.00000       0.00000000       250.000000               0           0           1
   4975.00000       0.00000000       250.000000               0           0           1
   5000.00000       0.00000000       250.000000               0           0           1
   5025.00000       0.00000000       250.000000               0           0           1
   5050.00000       0.00000000       250.000000               0           0           1
   5075.00000       0.00000000       250.000000               0           0           1
   5100.00000       0.00000000       250.000000               0           0           1
   5125.00000       0.00000000       250.000000               0           0           1
   5150.00000       0.00000000       250.000000               0           0           1
   5175.00000       0.00000000       250.000000               0           0           1
   5200.00000       0.00000000       250.000000               0           0           1
   5225.00000       0.00000000       250.000000               0           0           1
   5250.00000       0.00000000       250.000000               0           0           1
   5275.00000       0.00000000       250.000000               0           0           1
   5300.00000       0.00000000       250.000000               0           0           1
   5325.00000       0.00000000       250.000000               0           0           1
   5350.00000       0.00000000       250.000000               0           0           1
   5375.00000       0.00000000       250.000000               0           0           1
   5400.00000       0.00000000       250.000000               0           0           1
   5425.00000       0.00000000       250.000000               0           0           1
   5450.00000       0.00000000       250.000000               0           0           1
   5475.00000       0.00000000       250.000000               0           0           1
   5500.00000       0.00000000       250.000000               0           0           1
   5525.00000       0.00000000       250.000000               0           0           1
   5550.00000       0.00000000       250.000000               0           0           1
   5575.00000       0.00000000       250.000000               0           0           1
   5600.00000       0.00000000       250.000000               0           0           1
   5625.00000       0.00000000       250.000000               0           0           1
   5650.00000       0.00000000       250.000000               0           0           1
   5675.00000       0.00000000       250.000000               0           0           1
   5700.00000       0.00000000       250.000000               0           0           1
   5725.00000       0.00000000       250.000000               0           0           1
   5750.00000       0.00000000       250.000000               0           0           1
   5775.00000       0.00000000       250.000000               0           0           1
   5800.00000       0.00000000       250.000000               0           0           1
   5825.00000       0.00000000       250.000000               0           0           1
   5850.00000       0.00000000       250.000000               0           0           1
   5875.00000       0.00000000       250.000000               0           0           1
   5900.00000       0.00000000       250.000000               0           0           1
   5925.00000       0.00000000       250.000000               0           0           1
   5950.00000       0.00000000       250.000000               0           0           1
   5975.00000       0.00000000       250.000000               0           0           1
   6000.00000       0.00000000       250.000000               0           0           1
   6025.00000       0.00000000       250.000000               0           0           1
   6050.00000       0.00000000       250.000000               0           0           1
   6075.00000       0.00000000       250.000000               0           0           1
   6100.00000       0.00000000       250.000000               0           0           1
   6125.00000       0.00000000       250.000000               0           0           1
   6150.00000       0.00000000       250.000000               0           0           1
   6175.00000       0.00000000       250.000000               0           0           1
   6200.00000       0.00000000       250.000000               0           0           1
   6225.00000       0.00000000       250.000000               0           0           1
   6250.00000       0.00000000       250.000000               0           0           1
   6275.00000       0.00000000       250.000000               0           0           1
   6300.00000       0.00000000       250.000000               0           0           1
   6325.00000       0.00000000       250.000000               0           0           1
   6350.00000       0.00000000       250.000000               0           0           1
   6375.00000       0.00000000       250.000000               0           0           1
   6400.00000       0.00000000       250.000000               0           0           1
   6425.00000       0.00000000       250.000000               0           0           1
   6450.00000       0.00000000       250.000000               0           0           1
   6475.00000       0.00000000       250.000000               0           0           1
   6500.00000       0.00000000       250.000000               0           0           1
   6525.00000       0.00000000       250.000000               0           0           1
   6550.00000       0.00000000       250.000000               0           0           1
   6575.00000       0.00000000       250.000000               0           0           1
   6600.00000       0.00000000       250.000000               0           0           1
   6625.00000       0.00000000       250.000000               0           0           1
   6650.00000       0.00000000       250.000000               0           0           1
   6675.00000       0.00000000       250.000000               0           0           1
   6700.00000       0.00000000       250.000000               0           0           1
   6725.00000       0.00000000       250.000000               0           0           1
   6750.00000       0.00000000       250.000000               0           0           1
   6775.00000       0.00000000       250.000000               0           0           1
   6800.00000       0.00000000       250.000000               0           0           1
   6825.00000       0.00000000       250.000000               0           0           1
   6850.00000       0.00000000       250.000000               0           0           1
   6875.00000       0.00000000       250.000000               0           0           1
   6900.00000       0.00000000       250.000000               0           0           1
   6925.00000       0.00000000       250.000000               0           0           1
   6950.00000       0.00000000       250.000000               0           0           1
   6975.00000       0.00000000       250.000000               0           0           1
   7000.00000       0.00000000       250.000000               0           0           1
   7025.00000       0.00000000       250.000000               0           0           1
   7050.00000       0.00000000       250.000000               0           0           1
   7075.00000       0.00000000       250.000000               0           0           1
   7100.00000       0.00000000       250.000000               0           0           1
   7125.00000       0.00000000       250.000000               0           0           1
   7150.00000       0.00000000       250.000000               0           0           1
   7175.00000       0.00000000       250.000000               0           0           1
   7200.00000       0.00000000       250.000000               0           0           1
   7225.00000       0.00000000       250.000000               0           0           1
   7250.00000       0.00000000       250.000000               0           0           1
   7275.00000       0.00000000       250.000000               0           0           1
   7300.00000       0.00000000       250.000000               0           0           1
   7325.00000       0.00000000       250.000000               0           0           1
   7350.00000       0.00000000       250.000000               0           0           1
   7375.00000       0.00000000       250.000000               0           0           1
   7400.00000       0.00000000       250.000000               0           0           1
   7425.00000       0.00000000       250.000000               0           0           1
   7450.00000       0.00000000       250.000000               0           0           1
   7475.00000       0.00000000       250.000000               0           0           1
   7500.00000       0.00000000       250.000000               0           0           1
   7525.00000       0.00000000       250.000000               0           0           1
   7550.00000       0.00000000       250.000000               0           0           1
   7575.00000       0.00000000       250.000000               0           0           1
   7600.00000       0.00000000       250.000000               0           0           1
   7625.00000       0.00000000       250.000000               0           0           1
   7650.00000       0.00000000       250.000000               0           0           1
   7675.00000       0.00000000       250.000000               0           0           1
   7700.00000       0.00000000       250.000000               0           0           1
   7725.00000       0.00000000       250.000000               0           0           1
   7750.00000       0.00000000       250.000000               0           0           1
   7775.00000       0.00000000       250.000000               0           0           1
   7800.00000       0.00000000       250.000000               0           0           1
   7825.00000       0.00000000       250.000000               0           0           1
   7850.00000       0.00000000       250.000000               0           0           1
   7875.00000       0.00000000       250.000000               0           0           1
   7900.00000       0.00000000       250.000000               0           0           1
   7925.00000       0.00000000       250.000000               0           0           1
   7950.00000       0.00000000       250.000000               0           0           1
   7975.00000       0.00000000       250.000000               0           0           1
   8000.00000       0.00000000       250.000000               0           0           1
