iTx 	 iRx    chrec  ifreq 	 emf_real 	 emf_imag
1 	 1 	 Ex 	 1 	 -1.086629e-14 	 2.026720e-16
1 	 2 	 Ex 	 1 	 -1.148638e-14 	 3.976576e-16
1 	 3 	 Ex 	 1 	 -1.213744e-14 	 6.254551e-16
1 	 4 	 Ex 	 1 	 -1.282039e-14 	 8.894903e-16
1 	 5 	 Ex 	 1 	 -1.353620e-14 	 1.192911e-15
1 	 6 	 Ex 	 1 	 -1.428556e-14 	 1.539977e-15
1 	 7 	 Ex 	 1 	 -1.506933e-14 	 1.934360e-15
1 	 8 	 Ex 	 1 	 -1.588794e-14 	 2.380967e-15
1 	 9 	 Ex 	 1 	 -1.674207e-14 	 2.884076e-15
1 	 10 	 Ex 	 1 	 -1.763176e-14 	 3.449250e-15
1 	 11 	 Ex 	 1 	 -1.855741e-14 	 4.081354e-15
1 	 12 	 Ex 	 1 	 -1.951859e-14 	 4.786754e-15
1 	 13 	 Ex 	 1 	 -2.051532e-14 	 5.571023e-15
1 	 14 	 Ex 	 1 	 -2.154664e-14 	 6.441398e-15
1 	 15 	 Ex 	 1 	 -2.261213e-14 	 7.404239e-15
1 	 16 	 Ex 	 1 	 -2.371010e-14 	 8.467753e-15
1 	 17 	 Ex 	 1 	 -2.483959e-14 	 9.639195e-15
1 	 18 	 Ex 	 1 	 -2.599797e-14 	 1.092777e-14
1 	 19 	 Ex 	 1 	 -2.718357e-14 	 1.234169e-14
1 	 20 	 Ex 	 1 	 -2.839263e-14 	 1.389120e-14
1 	 21 	 Ex 	 1 	 -2.962247e-14 	 1.558545e-14
1 	 22 	 Ex 	 1 	 -3.086815e-14 	 1.743597e-14
1 	 23 	 Ex 	 1 	 -3.212602e-14 	 1.945310e-14
1 	 24 	 Ex 	 1 	 -3.338947e-14 	 2.164952e-14
1 	 25 	 Ex 	 1 	 -3.465347e-14 	 2.403668e-14
1 	 26 	 Ex 	 1 	 -3.590949e-14 	 2.662855e-14
1 	 27 	 Ex 	 1 	 -3.715089e-14 	 2.943774e-14
1 	 28 	 Ex 	 1 	 -3.836700e-14 	 3.247969e-14
1 	 29 	 Ex 	 1 	 -3.954938e-14 	 3.576841e-14
1 	 30 	 Ex 	 1 	 -4.068484e-14 	 3.932078e-14
1 	 31 	 Ex 	 1 	 -4.176282e-14 	 4.315235e-14
1 	 32 	 Ex 	 1 	 -4.276693e-14 	 4.728121e-14
1 	 33 	 Ex 	 1 	 -4.368382e-14 	 5.172406e-14
1 	 34 	 Ex 	 1 	 -4.449387e-14 	 5.650064e-14
1 	 35 	 Ex 	 1 	 -4.518079e-14 	 6.162909e-14
1 	 36 	 Ex 	 1 	 -4.572120e-14 	 6.713088e-14
1 	 37 	 Ex 	 1 	 -4.609557e-14 	 7.302587e-14
1 	 38 	 Ex 	 1 	 -4.627601e-14 	 7.933703e-14
1 	 39 	 Ex 	 1 	 -4.623896e-14 	 8.608572e-14
1 	 40 	 Ex 	 1 	 -4.595192e-14 	 9.329675e-14
1 	 41 	 Ex 	 1 	 -4.538707e-14 	 1.009930e-13
1 	 42 	 Ex 	 1 	 -4.450673e-14 	 1.092016e-13
1 	 43 	 Ex 	 1 	 -4.327827e-14 	 1.179471e-13
1 	 44 	 Ex 	 1 	 -4.165861e-14 	 1.272595e-13
1 	 45 	 Ex 	 1 	 -3.961007e-14 	 1.371657e-13
1 	 46 	 Ex 	 1 	 -3.708384e-14 	 1.476992e-13
1 	 47 	 Ex 	 1 	 -3.403664e-14 	 1.588894e-13
1 	 48 	 Ex 	 1 	 -3.041420e-14 	 1.707758e-13
1 	 49 	 Ex 	 1 	 -2.616786e-14 	 1.833916e-13
1 	 50 	 Ex 	 1 	 -2.123746e-14 	 1.967845e-13
1 	 51 	 Ex 	 1 	 -1.556838e-14 	 2.109928e-13
1 	 52 	 Ex 	 1 	 -9.095275e-15 	 2.260779e-13
1 	 53 	 Ex 	 1 	 -1.757991e-15 	 2.420865e-13
1 	 54 	 Ex 	 1 	 6.513698e-15 	 2.591015e-13
1 	 55 	 Ex 	 1 	 1.578462e-14 	 2.771825e-13
1 	 56 	 Ex 	 1 	 2.613111e-14 	 2.964460e-13
1 	 57 	 Ex 	 1 	 3.762330e-14 	 3.169719e-13
1 	 58 	 Ex 	 1 	 5.034473e-14 	 3.389296e-13
1 	 59 	 Ex 	 1 	 6.437036e-14 	 3.624311e-13
1 	 60 	 Ex 	 1 	 7.979620e-14 	 3.877297e-13
1 	 61 	 Ex 	 1 	 9.670327e-14 	 4.149885e-13
1 	 62 	 Ex 	 1 	 1.152115e-13 	 4.445912e-13
1 	 63 	 Ex 	 1 	 1.354119e-13 	 4.767808e-13
1 	 64 	 Ex 	 1 	 1.574722e-13 	 5.121428e-13
1 	 65 	 Ex 	 1 	 1.815025e-13 	 5.510440e-13
1 	 66 	 Ex 	 1 	 2.077676e-13 	 5.943851e-13
1 	 67 	 Ex 	 1 	 2.364174e-13 	 6.427255e-13
1 	 68 	 Ex 	 1 	 2.679068e-13 	 6.974563e-13
1 	 69 	 Ex 	 1 	 3.024662e-13 	 7.594341e-13
1 	 70 	 Ex 	 1 	 3.409208e-13 	 8.308226e-13
1 	 71 	 Ex 	 1 	 3.836560e-13 	 9.129383e-13
1 	 72 	 Ex 	 1 	 4.322217e-13 	 1.009178e-12
1 	 73 	 Ex 	 1 	 4.873072e-13 	 1.121571e-12
1 	 74 	 Ex 	 1 	 5.518806e-13 	 1.255535e-12
1 	 75 	 Ex 	 1 	 6.271965e-13 	 1.414222e-12
1 	 76 	 Ex 	 1 	 7.190850e-13 	 1.606453e-12
1 	 77 	 Ex 	 1 	 8.298709e-13 	 1.837180e-12
1 	 78 	 Ex 	 1 	 9.713249e-13 	 2.121170e-12
1 	 79 	 Ex 	 1 	 1.147785e-12 	 2.466332e-12
1 	 80 	 Ex 	 1 	 1.383873e-12 	 2.898198e-12
1 	 81 	 Ex 	 1 	 1.687762e-12 	 3.429710e-12
1 	 82 	 Ex 	 1 	 2.113136e-12 	 4.106553e-12
1 	 83 	 Ex 	 1 	 2.675538e-12 	 4.950524e-12
1 	 84 	 Ex 	 1 	 3.497574e-12 	 6.046224e-12
1 	 85 	 Ex 	 1 	 4.608785e-12 	 7.431575e-12
1 	 86 	 Ex 	 1 	 6.303908e-12 	 9.268402e-12
1 	 87 	 Ex 	 1 	 8.638062e-12 	 1.162448e-11
1 	 88 	 Ex 	 1 	 1.235965e-11 	 1.481989e-11
1 	 89 	 Ex 	 1 	 1.758675e-11 	 1.897685e-11
1 	 90 	 Ex 	 1 	 2.626544e-11 	 2.475673e-11
1 	 91 	 Ex 	 1 	 3.887220e-11 	 3.236380e-11
1 	 92 	 Ex 	 1 	 5.993383e-11 	 4.329146e-11
1 	 93 	 Ex 	 1 	 8.336700e-11 	 5.765667e-11
1 	 94 	 Ex 	 1 	 1.414786e-10 	 7.979299e-11
1 	 95 	 Ex 	 1 	 -2.284137e-11 	 1.081547e-10
1 	 96 	 Ex 	 1 	 4.525744e-10 	 1.604967e-10
1 	 97 	 Ex 	 1 	 3.862691e-09 	 2.402758e-10
1 	 98 	 Ex 	 1 	 5.652005e-09 	 3.888407e-10
1 	 99 	 Ex 	 1 	 -3.506928e-10 	 7.186076e-10
1 	 100 	 Ex 	 1 	 -7.003319e-09 	 1.019832e-09
1 	 101 	 Ex 	 1 	 -8.585234e-09 	 1.098706e-09
1 	 102 	 Ex 	 1 	 -7.003319e-09 	 1.019832e-09
1 	 103 	 Ex 	 1 	 -3.506926e-10 	 7.186077e-10
1 	 104 	 Ex 	 1 	 5.652005e-09 	 3.888407e-10
1 	 105 	 Ex 	 1 	 3.862691e-09 	 2.402757e-10
1 	 106 	 Ex 	 1 	 4.525744e-10 	 1.604967e-10
1 	 107 	 Ex 	 1 	 -2.284136e-11 	 1.081547e-10
1 	 108 	 Ex 	 1 	 1.414786e-10 	 7.979299e-11
1 	 109 	 Ex 	 1 	 8.336700e-11 	 5.765668e-11
1 	 110 	 Ex 	 1 	 5.993383e-11 	 4.329147e-11
1 	 111 	 Ex 	 1 	 3.887220e-11 	 3.236381e-11
1 	 112 	 Ex 	 1 	 2.626544e-11 	 2.475673e-11
1 	 113 	 Ex 	 1 	 1.758675e-11 	 1.897685e-11
1 	 114 	 Ex 	 1 	 1.235965e-11 	 1.481989e-11
1 	 115 	 Ex 	 1 	 8.638062e-12 	 1.162448e-11
1 	 116 	 Ex 	 1 	 6.303909e-12 	 9.268400e-12
1 	 117 	 Ex 	 1 	 4.608785e-12 	 7.431574e-12
1 	 118 	 Ex 	 1 	 3.497573e-12 	 6.046223e-12
1 	 119 	 Ex 	 1 	 2.675538e-12 	 4.950524e-12
1 	 120 	 Ex 	 1 	 2.113137e-12 	 4.106554e-12
1 	 121 	 Ex 	 1 	 1.687761e-12 	 3.429711e-12
1 	 122 	 Ex 	 1 	 1.383872e-12 	 2.898199e-12
1 	 123 	 Ex 	 1 	 1.147784e-12 	 2.466333e-12
1 	 124 	 Ex 	 1 	 9.713238e-13 	 2.121172e-12
1 	 125 	 Ex 	 1 	 8.298715e-13 	 1.837181e-12
1 	 126 	 Ex 	 1 	 7.190871e-13 	 1.606455e-12
1 	 127 	 Ex 	 1 	 6.271982e-13 	 1.414224e-12
1 	 128 	 Ex 	 1 	 5.518816e-13 	 1.255538e-12
1 	 129 	 Ex 	 1 	 4.873082e-13 	 1.121573e-12
1 	 130 	 Ex 	 1 	 4.322229e-13 	 1.009179e-12
1 	 131 	 Ex 	 1 	 3.836572e-13 	 9.129399e-13
1 	 132 	 Ex 	 1 	 3.409222e-13 	 8.308243e-13
1 	 133 	 Ex 	 1 	 3.024678e-13 	 7.594359e-13
1 	 134 	 Ex 	 1 	 2.679088e-13 	 6.974580e-13
1 	 135 	 Ex 	 1 	 2.364197e-13 	 6.427275e-13
1 	 136 	 Ex 	 1 	 2.077704e-13 	 5.943875e-13
1 	 137 	 Ex 	 1 	 1.815053e-13 	 5.510465e-13
1 	 138 	 Ex 	 1 	 1.574749e-13 	 5.121451e-13
1 	 139 	 Ex 	 1 	 1.354147e-13 	 4.767831e-13
1 	 140 	 Ex 	 1 	 1.152146e-13 	 4.445936e-13
1 	 141 	 Ex 	 1 	 9.670654e-14 	 4.149907e-13
1 	 142 	 Ex 	 1 	 7.979973e-14 	 3.877318e-13
1 	 143 	 Ex 	 1 	 6.437431e-14 	 3.624332e-13
1 	 144 	 Ex 	 1 	 5.034915e-14 	 3.389319e-13
1 	 145 	 Ex 	 1 	 3.762816e-14 	 3.169743e-13
1 	 146 	 Ex 	 1 	 2.613635e-14 	 2.964485e-13
1 	 147 	 Ex 	 1 	 1.578999e-14 	 2.771850e-13
1 	 148 	 Ex 	 1 	 6.519262e-15 	 2.591039e-13
1 	 149 	 Ex 	 1 	 -1.751860e-15 	 2.420886e-13
1 	 150 	 Ex 	 1 	 -9.088531e-15 	 2.260797e-13
1 	 151 	 Ex 	 1 	 -1.556129e-14 	 2.109945e-13
1 	 152 	 Ex 	 1 	 -2.123001e-14 	 1.967861e-13
1 	 153 	 Ex 	 1 	 -2.615985e-14 	 1.833930e-13
1 	 154 	 Ex 	 1 	 -3.040556e-14 	 1.707771e-13
1 	 155 	 Ex 	 1 	 -3.402743e-14 	 1.588905e-13
1 	 156 	 Ex 	 1 	 -3.707403e-14 	 1.477000e-13
1 	 157 	 Ex 	 1 	 -3.959961e-14 	 1.371661e-13
1 	 158 	 Ex 	 1 	 -4.164744e-14 	 1.272595e-13
1 	 159 	 Ex 	 1 	 -4.326630e-14 	 1.179466e-13
1 	 160 	 Ex 	 1 	 -4.449398e-14 	 1.092004e-13
1 	 161 	 Ex 	 1 	 -4.537367e-14 	 1.009913e-13
1 	 162 	 Ex 	 1 	 -4.593788e-14 	 9.329452e-14
1 	 163 	 Ex 	 1 	 -4.622419e-14 	 8.608281e-14
1 	 164 	 Ex 	 1 	 -4.626045e-14 	 7.933330e-14
1 	 165 	 Ex 	 1 	 -4.607918e-14 	 7.302116e-14
1 	 166 	 Ex 	 1 	 -4.570397e-14 	 6.712511e-14
1 	 167 	 Ex 	 1 	 -4.516278e-14 	 6.162223e-14
1 	 168 	 Ex 	 1 	 -4.447507e-14 	 5.649261e-14
1 	 169 	 Ex 	 1 	 -4.366423e-14 	 5.171477e-14
1 	 170 	 Ex 	 1 	 -4.274653e-14 	 4.727052e-14
1 	 171 	 Ex 	 1 	 -4.174160e-14 	 4.314010e-14
1 	 172 	 Ex 	 1 	 -4.066281e-14 	 3.930682e-14
1 	 173 	 Ex 	 1 	 -3.952655e-14 	 3.575259e-14
1 	 174 	 Ex 	 1 	 -3.834339e-14 	 3.246185e-14
1 	 175 	 Ex 	 1 	 -3.712651e-14 	 2.941768e-14
1 	 176 	 Ex 	 1 	 -3.588443e-14 	 2.660610e-14
1 	 177 	 Ex 	 1 	 -3.462778e-14 	 2.401170e-14
1 	 178 	 Ex 	 1 	 -3.336323e-14 	 2.162180e-14
1 	 179 	 Ex 	 1 	 -3.209931e-14 	 1.942242e-14
1 	 180 	 Ex 	 1 	 -3.084102e-14 	 1.740207e-14
1 	 181 	 Ex 	 1 	 -2.959499e-14 	 1.554806e-14
1 	 182 	 Ex 	 1 	 -2.836491e-14 	 1.385006e-14
1 	 183 	 Ex 	 1 	 -2.715582e-14 	 1.229657e-14
1 	 184 	 Ex 	 1 	 -2.597035e-14 	 1.087840e-14
1 	 185 	 Ex 	 1 	 -2.481227e-14 	 9.585282e-15
1 	 186 	 Ex 	 1 	 -2.368331e-14 	 8.408991e-15
1 	 187 	 Ex 	 1 	 -2.258611e-14 	 7.340297e-15
1 	 188 	 Ex 	 1 	 -2.152166e-14 	 6.371938e-15
1 	 189 	 Ex 	 1 	 -2.049168e-14 	 5.495705e-15
1 	 190 	 Ex 	 1 	 -1.949662e-14 	 4.705225e-15
1 	 191 	 Ex 	 1 	 -1.853750e-14 	 3.993253e-15
1 	 192 	 Ex 	 1 	 -1.761434e-14 	 3.354198e-15
1 	 193 	 Ex 	 1 	 -1.672760e-14 	 2.781682e-15
1 	 194 	 Ex 	 1 	 -1.587693e-14 	 2.270818e-15
1 	 195 	 Ex 	 1 	 -1.506233e-14 	 1.816014e-15
1 	 196 	 Ex 	 1 	 -1.428320e-14 	 1.413008e-15
1 	 197 	 Ex 	 1 	 -1.353922e-14 	 1.056911e-15
1 	 198 	 Ex 	 1 	 -1.282956e-14 	 7.440247e-16
1 	 199 	 Ex 	 1 	 -1.215358e-14 	 4.700707e-16
1 	 200 	 Ex 	 1 	 -1.151041e-14 	 2.319015e-16
1 	 201 	 Ex 	 1 	 -1.089928e-14 	 2.585495e-17
1 	 1 	 Ex 	 2 	 5.921373e-16 	 -8.399751e-16
1 	 2 	 Ex 	 2 	 6.274750e-16 	 -9.074103e-16
1 	 3 	 Ex 	 2 	 6.631191e-16 	 -9.825422e-16
1 	 4 	 Ex 	 2 	 6.986509e-16 	 -1.066183e-15
1 	 5 	 Ex 	 2 	 7.337502e-16 	 -1.159087e-15
1 	 6 	 Ex 	 2 	 7.677039e-16 	 -1.262244e-15
1 	 7 	 Ex 	 2 	 8.000241e-16 	 -1.376524e-15
1 	 8 	 Ex 	 2 	 8.297139e-16 	 -1.503037e-15
1 	 9 	 Ex 	 2 	 8.560666e-16 	 -1.642773e-15
1 	 10 	 Ex 	 2 	 8.777240e-16 	 -1.796954e-15
1 	 11 	 Ex 	 2 	 8.936980e-16 	 -1.966695e-15
1 	 12 	 Ex 	 2 	 9.021734e-16 	 -2.153305e-15
1 	 13 	 Ex 	 2 	 9.018007e-16 	 -2.358014e-15
1 	 14 	 Ex 	 2 	 8.901949e-16 	 -2.582180e-15
1 	 15 	 Ex 	 2 	 8.655502e-16 	 -2.827119e-15
1 	 16 	 Ex 	 2 	 8.247801e-16 	 -3.094181e-15
1 	 17 	 Ex 	 2 	 7.655116e-16 	 -3.384738e-15
1 	 18 	 Ex 	 2 	 6.837995e-16 	 -3.700035e-15
1 	 19 	 Ex 	 2 	 5.765689e-16 	 -4.041442e-15
1 	 20 	 Ex 	 2 	 4.388360e-16 	 -4.409957e-15
1 	 21 	 Ex 	 2 	 2.666699e-16 	 -4.806845e-15
1 	 22 	 Ex 	 2 	 5.383661e-17 	 -5.232687e-15
1 	 23 	 Ex 	 2 	 -2.046425e-16 	 -5.688517e-15
1 	 24 	 Ex 	 2 	 -5.164628e-16 	 -6.174232e-15
1 	 25 	 Ex 	 2 	 -8.878387e-16 	 -6.690450e-15
1 	 26 	 Ex 	 2 	 -1.328192e-15 	 -7.236035e-15
1 	 27 	 Ex 	 2 	 -1.845213e-15 	 -7.810918e-15
1 	 28 	 Ex 	 2 	 -2.450315e-15 	 -8.412512e-15
1 	 29 	 Ex 	 2 	 -3.152930e-15 	 -9.039771e-15
1 	 30 	 Ex 	 2 	 -3.966693e-15 	 -9.688005e-15
1 	 31 	 Ex 	 2 	 -4.902986e-15 	 -1.035466e-14
1 	 32 	 Ex 	 2 	 -5.978006e-15 	 -1.103228e-14
1 	 33 	 Ex 	 2 	 -7.205436e-15 	 -1.171632e-14
1 	 34 	 Ex 	 2 	 -8.604201e-15 	 -1.239552e-14
1 	 35 	 Ex 	 2 	 -1.019049e-14 	 -1.306249e-14
1 	 36 	 Ex 	 2 	 -1.198618e-14 	 -1.370103e-14
1 	 37 	 Ex 	 2 	 -1.401022e-14 	 -1.430002e-14
1 	 38 	 Ex 	 2 	 -1.628755e-14 	 -1.483676e-14
1 	 39 	 Ex 	 2 	 -1.884010e-14 	 -1.529522e-14
1 	 40 	 Ex 	 2 	 -2.169581e-14 	 -1.564436e-14
1 	 41 	 Ex 	 2 	 -2.487966e-14 	 -1.586167e-14
1 	 42 	 Ex 	 2 	 -2.842244e-14 	 -1.590550e-14
1 	 43 	 Ex 	 2 	 -3.235224e-14 	 -1.574508e-14
1 	 44 	 Ex 	 2 	 -3.670218e-14 	 -1.532526e-14
1 	 45 	 Ex 	 2 	 -4.150316e-14 	 -1.460469e-14
1 	 46 	 Ex 	 2 	 -4.679000e-14 	 -1.351119e-14
1 	 47 	 Ex 	 2 	 -5.259606e-14 	 -1.198999e-14
1 	 48 	 Ex 	 2 	 -5.895664e-14 	 -9.947590e-15
1 	 49 	 Ex 	 2 	 -6.590676e-14 	 -7.312391e-15
1 	 50 	 Ex 	 2 	 -7.348051e-14 	 -3.963933e-15
1 	 51 	 Ex 	 2 	 -8.171345e-14 	 1.905910e-16
1 	 52 	 Ex 	 2 	 -9.063625e-14 	 5.305742e-15
1 	 53 	 Ex 	 2 	 -1.002835e-13 	 1.150099e-14
1 	 54 	 Ex 	 2 	 -1.106790e-13 	 1.897443e-14
1 	 55 	 Ex 	 2 	 -1.218539e-13 	 2.787903e-14
1 	 56 	 Ex 	 2 	 -1.338202e-13 	 3.846966e-14
1 	 57 	 Ex 	 2 	 -1.466029e-13 	 5.094232e-14
1 	 58 	 Ex 	 2 	 -1.601947e-13 	 6.562662e-14
1 	 59 	 Ex 	 2 	 -1.746098e-13 	 8.277396e-14
1 	 60 	 Ex 	 2 	 -1.898091e-13 	 1.028151e-13
1 	 61 	 Ex 	 2 	 -2.057890e-13 	 1.260748e-13
1 	 62 	 Ex 	 2 	 -2.224577e-13 	 1.531223e-13
1 	 63 	 Ex 	 2 	 -2.397834e-13 	 1.843816e-13
1 	 64 	 Ex 	 2 	 -2.575819e-13 	 2.206134e-13
1 	 65 	 Ex 	 2 	 -2.757737e-13 	 2.623782e-13
1 	 66 	 Ex 	 2 	 -2.940129e-13 	 3.107003e-13
1 	 67 	 Ex 	 2 	 -3.121373e-13 	 3.663308e-13
1 	 68 	 Ex 	 2 	 -3.295160e-13 	 4.306491e-13
1 	 69 	 Ex 	 2 	 -3.458391e-13 	 5.046738e-13
1 	 70 	 Ex 	 2 	 -3.599810e-13 	 5.902388e-13
1 	 71 	 Ex 	 2 	 -3.713617e-13 	 6.887266e-13
1 	 72 	 Ex 	 2 	 -3.780350e-13 	 8.025092e-13
1 	 73 	 Ex 	 2 	 -3.789377e-13 	 9.334441e-13
1 	 74 	 Ex 	 2 	 -3.708386e-13 	 1.084457e-12
1 	 75 	 Ex 	 2 	 -3.518301e-13 	 1.257952e-12
1 	 76 	 Ex 	 2 	 -3.168772e-13 	 1.457354e-12
1 	 77 	 Ex 	 2 	 -2.627009e-13 	 1.685543e-12
1 	 78 	 Ex 	 2 	 -1.821253e-13 	 1.946551e-12
1 	 79 	 Ex 	 2 	 -6.988609e-14 	 2.243325e-12
1 	 80 	 Ex 	 2 	 8.303054e-14 	 2.582001e-12
1 	 81 	 Ex 	 2 	 2.840860e-13 	 2.964559e-12
1 	 82 	 Ex 	 2 	 5.432016e-13 	 3.406421e-12
1 	 83 	 Ex 	 2 	 8.683330e-13 	 3.906949e-12
1 	 84 	 Ex 	 2 	 1.272838e-12 	 4.516310e-12
1 	 85 	 Ex 	 2 	 1.757553e-12 	 5.230269e-12
1 	 86 	 Ex 	 2 	 2.367996e-12 	 6.211399e-12
1 	 87 	 Ex 	 2 	 3.075108e-12 	 7.457115e-12
1 	 88 	 Ex 	 2 	 4.103459e-12 	 9.458651e-12
1 	 89 	 Ex 	 2 	 5.357666e-12 	 1.224029e-11
1 	 90 	 Ex 	 2 	 7.768524e-12 	 1.720031e-11
1 	 91 	 Ex 	 2 	 1.133031e-11 	 2.442696e-11
1 	 92 	 Ex 	 2 	 1.875719e-11 	 3.787456e-11
1 	 93 	 Ex 	 2 	 2.298600e-11 	 5.719183e-11
1 	 94 	 Ex 	 2 	 5.334299e-11 	 9.538384e-11
1 	 95 	 Ex 	 2 	 -1.492569e-10 	 1.470839e-10
1 	 96 	 Ex 	 2 	 2.733571e-10 	 2.670560e-10
1 	 97 	 Ex 	 2 	 3.610324e-09 	 4.654142e-10
1 	 98 	 Ex 	 2 	 5.309654e-09 	 8.707416e-10
1 	 99 	 Ex 	 2 	 -8.161135e-10 	 1.822185e-09
1 	 100 	 Ex 	 2 	 -7.571418e-09 	 2.698168e-09
1 	 101 	 Ex 	 2 	 -9.181550e-09 	 2.926596e-09
1 	 102 	 Ex 	 2 	 -7.571418e-09 	 2.698168e-09
1 	 103 	 Ex 	 2 	 -8.161136e-10 	 1.822185e-09
1 	 104 	 Ex 	 2 	 5.309654e-09 	 8.707416e-10
1 	 105 	 Ex 	 2 	 3.610324e-09 	 4.654142e-10
1 	 106 	 Ex 	 2 	 2.733571e-10 	 2.670560e-10
1 	 107 	 Ex 	 2 	 -1.492569e-10 	 1.470839e-10
1 	 108 	 Ex 	 2 	 5.334299e-11 	 9.538383e-11
1 	 109 	 Ex 	 2 	 2.298600e-11 	 5.719182e-11
1 	 110 	 Ex 	 2 	 1.875719e-11 	 3.787456e-11
1 	 111 	 Ex 	 2 	 1.133031e-11 	 2.442696e-11
1 	 112 	 Ex 	 2 	 7.768521e-12 	 1.720031e-11
1 	 113 	 Ex 	 2 	 5.357664e-12 	 1.224029e-11
1 	 114 	 Ex 	 2 	 4.103459e-12 	 9.458651e-12
1 	 115 	 Ex 	 2 	 3.075108e-12 	 7.457114e-12
1 	 116 	 Ex 	 2 	 2.367995e-12 	 6.211399e-12
1 	 117 	 Ex 	 2 	 1.757552e-12 	 5.230269e-12
1 	 118 	 Ex 	 2 	 1.272838e-12 	 4.516311e-12
1 	 119 	 Ex 	 2 	 8.683329e-13 	 3.906949e-12
1 	 120 	 Ex 	 2 	 5.432014e-13 	 3.406421e-12
1 	 121 	 Ex 	 2 	 2.840862e-13 	 2.964559e-12
1 	 122 	 Ex 	 2 	 8.303103e-14 	 2.582001e-12
1 	 123 	 Ex 	 2 	 -6.988577e-14 	 2.243325e-12
1 	 124 	 Ex 	 2 	 -1.821252e-13 	 1.946551e-12
1 	 125 	 Ex 	 2 	 -2.627008e-13 	 1.685543e-12
1 	 126 	 Ex 	 2 	 -3.168770e-13 	 1.457354e-12
1 	 127 	 Ex 	 2 	 -3.518301e-13 	 1.257952e-12
1 	 128 	 Ex 	 2 	 -3.708387e-13 	 1.084457e-12
1 	 129 	 Ex 	 2 	 -3.789379e-13 	 9.334441e-13
1 	 130 	 Ex 	 2 	 -3.780350e-13 	 8.025092e-13
1 	 131 	 Ex 	 2 	 -3.713618e-13 	 6.887266e-13
1 	 132 	 Ex 	 2 	 -3.599810e-13 	 5.902388e-13
1 	 133 	 Ex 	 2 	 -3.458391e-13 	 5.046737e-13
1 	 134 	 Ex 	 2 	 -3.295160e-13 	 4.306491e-13
1 	 135 	 Ex 	 2 	 -3.121374e-13 	 3.663308e-13
1 	 136 	 Ex 	 2 	 -2.940130e-13 	 3.107003e-13
1 	 137 	 Ex 	 2 	 -2.757737e-13 	 2.623782e-13
1 	 138 	 Ex 	 2 	 -2.575819e-13 	 2.206133e-13
1 	 139 	 Ex 	 2 	 -2.397834e-13 	 1.843816e-13
1 	 140 	 Ex 	 2 	 -2.224578e-13 	 1.531223e-13
1 	 141 	 Ex 	 2 	 -2.057891e-13 	 1.260748e-13
1 	 142 	 Ex 	 2 	 -1.898091e-13 	 1.028151e-13
1 	 143 	 Ex 	 2 	 -1.746098e-13 	 8.277396e-14
1 	 144 	 Ex 	 2 	 -1.601948e-13 	 6.562659e-14
1 	 145 	 Ex 	 2 	 -1.466030e-13 	 5.094232e-14
1 	 146 	 Ex 	 2 	 -1.338204e-13 	 3.846972e-14
1 	 147 	 Ex 	 2 	 -1.218540e-13 	 2.787909e-14
1 	 148 	 Ex 	 2 	 -1.106791e-13 	 1.897448e-14
1 	 149 	 Ex 	 2 	 -1.002836e-13 	 1.150101e-14
1 	 150 	 Ex 	 2 	 -9.063635e-14 	 5.305728e-15
1 	 151 	 Ex 	 2 	 -8.171355e-14 	 1.905859e-16
1 	 152 	 Ex 	 2 	 -7.348060e-14 	 -3.963921e-15
1 	 153 	 Ex 	 2 	 -6.590683e-14 	 -7.312378e-15
1 	 154 	 Ex 	 2 	 -5.895672e-14 	 -9.947582e-15
1 	 155 	 Ex 	 2 	 -5.259618e-14 	 -1.199000e-14
1 	 156 	 Ex 	 2 	 -4.679014e-14 	 -1.351121e-14
1 	 157 	 Ex 	 2 	 -4.150331e-14 	 -1.460469e-14
1 	 158 	 Ex 	 2 	 -3.670234e-14 	 -1.532526e-14
1 	 159 	 Ex 	 2 	 -3.235243e-14 	 -1.574507e-14
1 	 160 	 Ex 	 2 	 -2.842266e-14 	 -1.590549e-14
1 	 161 	 Ex 	 2 	 -2.487989e-14 	 -1.586166e-14
1 	 162 	 Ex 	 2 	 -2.169604e-14 	 -1.564435e-14
1 	 163 	 Ex 	 2 	 -1.884032e-14 	 -1.529520e-14
1 	 164 	 Ex 	 2 	 -1.628777e-14 	 -1.483671e-14
1 	 165 	 Ex 	 2 	 -1.401045e-14 	 -1.429995e-14
1 	 166 	 Ex 	 2 	 -1.198642e-14 	 -1.370095e-14
1 	 167 	 Ex 	 2 	 -1.019074e-14 	 -1.306239e-14
1 	 168 	 Ex 	 2 	 -8.604468e-15 	 -1.239540e-14
1 	 169 	 Ex 	 2 	 -7.205730e-15 	 -1.171621e-14
1 	 170 	 Ex 	 2 	 -5.978326e-15 	 -1.103216e-14
1 	 171 	 Ex 	 2 	 -4.903324e-15 	 -1.035451e-14
1 	 172 	 Ex 	 2 	 -3.967049e-15 	 -9.687819e-15
1 	 173 	 Ex 	 2 	 -3.153311e-15 	 -9.039564e-15
1 	 174 	 Ex 	 2 	 -2.450724e-15 	 -8.412283e-15
1 	 175 	 Ex 	 2 	 -1.845648e-15 	 -7.810649e-15
1 	 176 	 Ex 	 2 	 -1.328652e-15 	 -7.235719e-15
1 	 177 	 Ex 	 2 	 -8.883211e-16 	 -6.690086e-15
1 	 178 	 Ex 	 2 	 -5.169685e-16 	 -6.173814e-15
1 	 179 	 Ex 	 2 	 -2.051739e-16 	 -5.688040e-15
1 	 180 	 Ex 	 2 	 5.328172e-17 	 -5.232141e-15
1 	 181 	 Ex 	 2 	 2.660994e-16 	 -4.806223e-15
1 	 182 	 Ex 	 2 	 4.382529e-16 	 -4.409249e-15
1 	 183 	 Ex 	 2 	 5.759704e-16 	 -4.040638e-15
1 	 184 	 Ex 	 2 	 6.831898e-16 	 -3.699125e-15
1 	 185 	 Ex 	 2 	 7.649000e-16 	 -3.383710e-15
1 	 186 	 Ex 	 2 	 8.241751e-16 	 -3.093024e-15
1 	 187 	 Ex 	 2 	 8.649597e-16 	 -2.825821e-15
1 	 188 	 Ex 	 2 	 8.896295e-16 	 -2.580729e-15
1 	 189 	 Ex 	 2 	 9.012724e-16 	 -2.356395e-15
1 	 190 	 Ex 	 2 	 9.016966e-16 	 -2.151502e-15
1 	 191 	 Ex 	 2 	 8.932904e-16 	 -1.964695e-15
1 	 192 	 Ex 	 2 	 8.774041e-16 	 -1.794740e-15
1 	 193 	 Ex 	 2 	 8.558550e-16 	 -1.640328e-15
1 	 194 	 Ex 	 2 	 8.296349e-16 	 -1.500344e-15
1 	 195 	 Ex 	 2 	 8.001044e-16 	 -1.373564e-15
1 	 196 	 Ex 	 2 	 7.679768e-16 	 -1.258998e-15
1 	 197 	 Ex 	 2 	 7.342547e-16 	 -1.155538e-15
1 	 198 	 Ex 	 2 	 6.994301e-16 	 -1.062312e-15
1 	 199 	 Ex 	 2 	 6.642190e-16 	 -9.783295e-16
1 	 200 	 Ex 	 2 	 6.289511e-16 	 -9.028383e-16
1 	 201 	 Ex 	 2 	 5.941248e-16 	 -8.349696e-16
1 	 1 	 Ex 	 3 	 1.869889e-16 	 8.422595e-17
1 	 2 	 Ex 	 3 	 2.008875e-16 	 8.961961e-17
1 	 3 	 Ex 	 3 	 2.164748e-16 	 9.495124e-17
1 	 4 	 Ex 	 3 	 2.339507e-16 	 1.000970e-16
1 	 5 	 Ex 	 3 	 2.534991e-16 	 1.049641e-16
1 	 6 	 Ex 	 3 	 2.753676e-16 	 1.093351e-16
1 	 7 	 Ex 	 3 	 2.997723e-16 	 1.130650e-16
1 	 8 	 Ex 	 3 	 3.269912e-16 	 1.158425e-16
1 	 9 	 Ex 	 3 	 3.572737e-16 	 1.174527e-16
1 	 10 	 Ex 	 3 	 3.909218e-16 	 1.174607e-16
1 	 11 	 Ex 	 3 	 4.282158e-16 	 1.155585e-16
1 	 12 	 Ex 	 3 	 4.694701e-16 	 1.111512e-16
1 	 13 	 Ex 	 3 	 5.149909e-16 	 1.038076e-16
1 	 14 	 Ex 	 3 	 5.650827e-16 	 9.272946e-17
1 	 15 	 Ex 	 3 	 6.200644e-16 	 7.732668e-17
1 	 16 	 Ex 	 3 	 6.801983e-16 	 5.654397e-17
1 	 17 	 Ex 	 3 	 7.457966e-16 	 2.958702e-17
1 	 18 	 Ex 	 3 	 8.170273e-16 	 -4.917043e-18
1 	 19 	 Ex 	 3 	 8.941619e-16 	 -4.801682e-17
1 	 20 	 Ex 	 3 	 9.772027e-16 	 -1.014794e-16
1 	 21 	 Ex 	 3 	 1.066333e-15 	 -1.666763e-16
1 	 22 	 Ex 	 3 	 1.161282e-15 	 -2.458425e-16
1 	 23 	 Ex 	 3 	 1.262071e-15 	 -3.407375e-16
1 	 24 	 Ex 	 3 	 1.368015e-15 	 -4.541590e-16
1 	 25 	 Ex 	 3 	 1.478867e-15 	 -5.883441e-16
1 	 26 	 Ex 	 3 	 1.593326e-15 	 -7.467329e-16
1 	 27 	 Ex 	 3 	 1.710736e-15 	 -9.321192e-16
1 	 28 	 Ex 	 3 	 1.828916e-15 	 -1.148680e-15
1 	 29 	 Ex 	 3 	 1.946605e-15 	 -1.399867e-15
1 	 30 	 Ex 	 3 	 2.060385e-15 	 -1.690654e-15
1 	 31 	 Ex 	 3 	 2.168124e-15 	 -2.025231e-15
1 	 32 	 Ex 	 3 	 2.264711e-15 	 -2.409408e-15
1 	 33 	 Ex 	 3 	 2.346789e-15 	 -2.848185e-15
1 	 34 	 Ex 	 3 	 2.406963e-15 	 -3.348193e-15
1 	 35 	 Ex 	 3 	 2.440202e-15 	 -3.915289e-15
1 	 36 	 Ex 	 3 	 2.436054e-15 	 -4.556788e-15
1 	 37 	 Ex 	 3 	 2.387205e-15 	 -5.279373e-15
1 	 38 	 Ex 	 3 	 2.279220e-15 	 -6.090812e-15
1 	 39 	 Ex 	 3 	 2.101761e-15 	 -6.998521e-15
1 	 40 	 Ex 	 3 	 1.835218e-15 	 -8.010239e-15
1 	 41 	 Ex 	 3 	 1.465278e-15 	 -9.133854e-15
1 	 42 	 Ex 	 3 	 9.657181e-16 	 -1.037634e-14
1 	 43 	 Ex 	 3 	 3.170720e-16 	 -1.174561e-14
1 	 44 	 Ex 	 3 	 -5.152373e-16 	 -1.324673e-14
1 	 45 	 Ex 	 3 	 -1.557271e-15 	 -1.488689e-14
1 	 46 	 Ex 	 3 	 -2.854042e-15 	 -1.666756e-14
1 	 47 	 Ex 	 3 	 -4.439935e-15 	 -1.859410e-14
1 	 48 	 Ex 	 3 	 -6.372889e-15 	 -2.066202e-14
1 	 49 	 Ex 	 3 	 -8.697669e-15 	 -2.287317e-14
1 	 50 	 Ex 	 3 	 -1.148817e-14 	 -2.521385e-14
1 	 51 	 Ex 	 3 	 -1.480208e-14 	 -2.768010e-14
1 	 52 	 Ex 	 3 	 -1.873283e-14 	 -3.024446e-14
1 	 53 	 Ex 	 3 	 -2.335387e-14 	 -3.289392e-14
1 	 54 	 Ex 	 3 	 -2.878284e-14 	 -3.558119e-14
1 	 55 	 Ex 	 3 	 -3.511248e-14 	 -3.827977e-14
1 	 56 	 Ex 	 3 	 -4.249100e-14 	 -4.091428e-14
1 	 57 	 Ex 	 3 	 -5.103514e-14 	 -4.343911e-14
1 	 58 	 Ex 	 3 	 -6.093203e-14 	 -4.573839e-14
1 	 59 	 Ex 	 3 	 -7.232799e-14 	 -4.773912e-14
1 	 60 	 Ex 	 3 	 -8.546225e-14 	 -4.926717e-14
1 	 61 	 Ex 	 3 	 -1.005194e-13 	 -5.021131e-14
1 	 62 	 Ex 	 3 	 -1.178098e-13 	 -5.030987e-14
1 	 63 	 Ex 	 3 	 -1.375685e-13 	 -4.939698e-14
1 	 64 	 Ex 	 3 	 -1.602055e-13 	 -4.707406e-14
1 	 65 	 Ex 	 3 	 -1.860266e-13 	 -4.309544e-14
1 	 66 	 Ex 	 3 	 -2.155795e-13 	 -3.683647e-14
1 	 67 	 Ex 	 3 	 -2.492703e-13 	 -2.792803e-14
1 	 68 	 Ex 	 3 	 -2.878291e-13 	 -1.535772e-14
1 	 69 	 Ex 	 3 	 -3.318104e-13 	 1.443814e-15
1 	 70 	 Ex 	 3 	 -3.821466e-13 	 2.417472e-14
1 	 71 	 Ex 	 3 	 -4.396052e-13 	 5.375255e-14
1 	 72 	 Ex 	 3 	 -5.052359e-13 	 9.308843e-14
1 	 73 	 Ex 	 3 	 -5.800907e-13 	 1.437331e-13
1 	 74 	 Ex 	 3 	 -6.649302e-13 	 2.106853e-13
1 	 75 	 Ex 	 3 	 -7.610957e-13 	 2.966756e-13
1 	 76 	 Ex 	 3 	 -8.678980e-13 	 4.100593e-13
1 	 77 	 Ex 	 3 	 -9.866858e-13 	 5.557286e-13
1 	 78 	 Ex 	 3 	 -1.112688e-12 	 7.468042e-13
1 	 79 	 Ex 	 3 	 -1.246117e-12 	 9.918679e-13
1 	 80 	 Ex 	 3 	 -1.373371e-12 	 1.309427e-12
1 	 81 	 Ex 	 3 	 -1.490423e-12 	 1.713401e-12
1 	 82 	 Ex 	 3 	 -1.568765e-12 	 2.226138e-12
1 	 83 	 Ex 	 3 	 -1.593696e-12 	 2.866358e-12
1 	 84 	 Ex 	 3 	 -1.519766e-12 	 3.658869e-12
1 	 85 	 Ex 	 3 	 -1.312987e-12 	 4.617715e-12
1 	 86 	 Ex 	 3 	 -9.242660e-13 	 5.793917e-12
1 	 87 	 Ex 	 3 	 -3.027865e-13 	 7.163865e-12
1 	 88 	 Ex 	 3 	 5.802685e-13 	 8.965511e-12
1 	 89 	 Ex 	 3 	 1.749844e-12 	 1.105705e-11
1 	 90 	 Ex 	 3 	 3.268374e-12 	 1.455413e-11
1 	 91 	 Ex 	 3 	 5.162441e-12 	 1.899198e-11
1 	 92 	 Ex 	 3 	 7.564550e-12 	 2.897017e-11
1 	 93 	 Ex 	 3 	 2.886795e-12 	 4.242974e-11
1 	 94 	 Ex 	 3 	 1.431698e-11 	 7.888164e-11
1 	 95 	 Ex 	 3 	 -2.198528e-10 	 1.266280e-10
1 	 96 	 Ex 	 3 	 1.474767e-10 	 2.772362e-10
1 	 97 	 Ex 	 3 	 3.393450e-09 	 5.439220e-10
1 	 98 	 Ex 	 3 	 4.966223e-09 	 1.150043e-09
1 	 99 	 Ex 	 3 	 -1.358827e-09 	 2.661512e-09
1 	 100 	 Ex 	 3 	 -8.286219e-09 	 4.063880e-09
1 	 101 	 Ex 	 3 	 -9.942775e-09 	 4.428110e-09
1 	 102 	 Ex 	 3 	 -8.286219e-09 	 4.063880e-09
1 	 103 	 Ex 	 3 	 -1.358827e-09 	 2.661512e-09
1 	 104 	 Ex 	 3 	 4.966223e-09 	 1.150043e-09
1 	 105 	 Ex 	 3 	 3.393450e-09 	 5.439220e-10
1 	 106 	 Ex 	 3 	 1.474767e-10 	 2.772362e-10
1 	 107 	 Ex 	 3 	 -2.198528e-10 	 1.266280e-10
1 	 108 	 Ex 	 3 	 1.431698e-11 	 7.888164e-11
1 	 109 	 Ex 	 3 	 2.886794e-12 	 4.242974e-11
1 	 110 	 Ex 	 3 	 7.564550e-12 	 2.897017e-11
1 	 111 	 Ex 	 3 	 5.162441e-12 	 1.899198e-11
1 	 112 	 Ex 	 3 	 3.268374e-12 	 1.455413e-11
1 	 113 	 Ex 	 3 	 1.749844e-12 	 1.105705e-11
1 	 114 	 Ex 	 3 	 5.802682e-13 	 8.965511e-12
1 	 115 	 Ex 	 3 	 -3.027868e-13 	 7.163866e-12
1 	 116 	 Ex 	 3 	 -9.242661e-13 	 5.793918e-12
1 	 117 	 Ex 	 3 	 -1.312987e-12 	 4.617715e-12
1 	 118 	 Ex 	 3 	 -1.519766e-12 	 3.658869e-12
1 	 119 	 Ex 	 3 	 -1.593696e-12 	 2.866358e-12
1 	 120 	 Ex 	 3 	 -1.568765e-12 	 2.226138e-12
1 	 121 	 Ex 	 3 	 -1.490423e-12 	 1.713401e-12
1 	 122 	 Ex 	 3 	 -1.373371e-12 	 1.309428e-12
1 	 123 	 Ex 	 3 	 -1.246117e-12 	 9.918679e-13
1 	 124 	 Ex 	 3 	 -1.112688e-12 	 7.468040e-13
1 	 125 	 Ex 	 3 	 -9.866857e-13 	 5.557285e-13
1 	 126 	 Ex 	 3 	 -8.678980e-13 	 4.100594e-13
1 	 127 	 Ex 	 3 	 -7.610956e-13 	 2.966756e-13
1 	 128 	 Ex 	 3 	 -6.649301e-13 	 2.106853e-13
1 	 129 	 Ex 	 3 	 -5.800906e-13 	 1.437331e-13
1 	 130 	 Ex 	 3 	 -5.052359e-13 	 9.308845e-14
1 	 131 	 Ex 	 3 	 -4.396052e-13 	 5.375258e-14
1 	 132 	 Ex 	 3 	 -3.821466e-13 	 2.417477e-14
1 	 133 	 Ex 	 3 	 -3.318104e-13 	 1.443850e-15
1 	 134 	 Ex 	 3 	 -2.878291e-13 	 -1.535771e-14
1 	 135 	 Ex 	 3 	 -2.492704e-13 	 -2.792804e-14
1 	 136 	 Ex 	 3 	 -2.155795e-13 	 -3.683650e-14
1 	 137 	 Ex 	 3 	 -1.860267e-13 	 -4.309547e-14
1 	 138 	 Ex 	 3 	 -1.602056e-13 	 -4.707406e-14
1 	 139 	 Ex 	 3 	 -1.375686e-13 	 -4.939699e-14
1 	 140 	 Ex 	 3 	 -1.178098e-13 	 -5.030987e-14
1 	 141 	 Ex 	 3 	 -1.005194e-13 	 -5.021131e-14
1 	 142 	 Ex 	 3 	 -8.546225e-14 	 -4.926718e-14
1 	 143 	 Ex 	 3 	 -7.232799e-14 	 -4.773912e-14
1 	 144 	 Ex 	 3 	 -6.093204e-14 	 -4.573840e-14
1 	 145 	 Ex 	 3 	 -5.103514e-14 	 -4.343911e-14
1 	 146 	 Ex 	 3 	 -4.249100e-14 	 -4.091428e-14
1 	 147 	 Ex 	 3 	 -3.511248e-14 	 -3.827978e-14
1 	 148 	 Ex 	 3 	 -2.878285e-14 	 -3.558120e-14
1 	 149 	 Ex 	 3 	 -2.335387e-14 	 -3.289393e-14
1 	 150 	 Ex 	 3 	 -1.873282e-14 	 -3.024446e-14
1 	 151 	 Ex 	 3 	 -1.480209e-14 	 -2.768011e-14
1 	 152 	 Ex 	 3 	 -1.148819e-14 	 -2.521387e-14
1 	 153 	 Ex 	 3 	 -8.697682e-15 	 -2.287318e-14
1 	 154 	 Ex 	 3 	 -6.372898e-15 	 -2.066202e-14
1 	 155 	 Ex 	 3 	 -4.439939e-15 	 -1.859410e-14
1 	 156 	 Ex 	 3 	 -2.854041e-15 	 -1.666758e-14
1 	 157 	 Ex 	 3 	 -1.557271e-15 	 -1.488691e-14
1 	 158 	 Ex 	 3 	 -5.152406e-16 	 -1.324674e-14
1 	 159 	 Ex 	 3 	 3.170649e-16 	 -1.174563e-14
1 	 160 	 Ex 	 3 	 9.657078e-16 	 -1.037635e-14
1 	 161 	 Ex 	 3 	 1.465267e-15 	 -9.133870e-15
1 	 162 	 Ex 	 3 	 1.835208e-15 	 -8.010258e-15
1 	 163 	 Ex 	 3 	 2.101752e-15 	 -6.998539e-15
1 	 164 	 Ex 	 3 	 2.279211e-15 	 -6.090830e-15
1 	 165 	 Ex 	 3 	 2.387191e-15 	 -5.279389e-15
1 	 166 	 Ex 	 3 	 2.436036e-15 	 -4.556801e-15
1 	 167 	 Ex 	 3 	 2.440187e-15 	 -3.915303e-15
1 	 168 	 Ex 	 3 	 2.406952e-15 	 -3.348212e-15
1 	 169 	 Ex 	 3 	 2.346777e-15 	 -2.848204e-15
1 	 170 	 Ex 	 3 	 2.264696e-15 	 -2.409425e-15
1 	 171 	 Ex 	 3 	 2.168107e-15 	 -2.025248e-15
1 	 172 	 Ex 	 3 	 2.060367e-15 	 -1.690673e-15
1 	 173 	 Ex 	 3 	 1.946587e-15 	 -1.399892e-15
1 	 174 	 Ex 	 3 	 1.828900e-15 	 -1.148711e-15
1 	 175 	 Ex 	 3 	 1.710719e-15 	 -9.321517e-16
1 	 176 	 Ex 	 3 	 1.593306e-15 	 -7.467676e-16
1 	 177 	 Ex 	 3 	 1.478843e-15 	 -5.883826e-16
1 	 178 	 Ex 	 3 	 1.367986e-15 	 -4.542016e-16
1 	 179 	 Ex 	 3 	 1.262040e-15 	 -3.407831e-16
1 	 180 	 Ex 	 3 	 1.161248e-15 	 -2.458911e-16
1 	 181 	 Ex 	 3 	 1.066292e-15 	 -1.667292e-16
1 	 182 	 Ex 	 3 	 9.771555e-16 	 -1.015367e-16
1 	 183 	 Ex 	 3 	 8.941075e-16 	 -4.807810e-17
1 	 184 	 Ex 	 3 	 8.169652e-16 	 -4.981937e-18
1 	 185 	 Ex 	 3 	 7.457251e-16 	 2.951871e-17
1 	 186 	 Ex 	 3 	 6.801164e-16 	 5.647284e-17
1 	 187 	 Ex 	 3 	 6.199713e-16 	 7.725364e-17
1 	 188 	 Ex 	 3 	 5.649769e-16 	 9.265537e-17
1 	 189 	 Ex 	 3 	 5.148708e-16 	 1.037332e-16
1 	 190 	 Ex 	 3 	 4.693338e-16 	 1.110777e-16
1 	 191 	 Ex 	 3 	 4.280613e-16 	 1.154871e-16
1 	 192 	 Ex 	 3 	 3.907469e-16 	 1.173929e-16
1 	 193 	 Ex 	 3 	 3.570764e-16 	 1.173900e-16
1 	 194 	 Ex 	 3 	 3.267691e-16 	 1.157869e-16
1 	 195 	 Ex 	 3 	 2.995229e-16 	 1.130190e-16
1 	 196 	 Ex 	 3 	 2.750884e-16 	 1.093017e-16
1 	 197 	 Ex 	 3 	 2.531876e-16 	 1.049474e-16
1 	 198 	 Ex 	 3 	 2.336038e-16 	 1.001014e-16
1 	 199 	 Ex 	 3 	 2.160894e-16 	 9.498168e-17
1 	 200 	 Ex 	 3 	 2.004604e-16 	 8.968204e-17
1 	 201 	 Ex 	 3 	 1.865019e-16 	 8.434995e-17
