          x1          x2          x3     azimuth         dip         iRx
  -10000.0000       0.00000000       825.000000               0           0           1
  -9900.00000       0.00000000       825.000000               0           0           2
  -9800.00000       0.00000000       825.000000               0           0           3
  -9700.00000       0.00000000       825.000000               0           0           4
  -9600.00000       0.00000000       825.000000               0           0           5
  -9500.00000       0.00000000       825.000000               0           0           6
  -9400.00000       0.00000000       825.000000               0           0           7
  -9300.00000       0.00000000       825.000000               0           0           8
  -9200.00000       0.00000000       825.000000               0           0           9
  -9100.00000       0.00000000       825.000000               0           0          10
  -9000.00000       0.00000000       825.000000               0           0          11
  -8900.00000       0.00000000       825.000000               0           0          12
  -8800.00000       0.00000000       825.000000               0           0          13
  -8700.00000       0.00000000       825.000000               0           0          14
  -8600.00000       0.00000000       825.000000               0           0          15
  -8500.00000       0.00000000       825.000000               0           0          16
  -8400.00000       0.00000000       825.000000               0           0          17
  -8300.00000       0.00000000       825.000000               0           0          18
  -8200.00000       0.00000000       825.000000               0           0          19
  -8100.00000       0.00000000       825.000000               0           0          20
  -8000.00000       0.00000000       825.000000               0           0          21
  -7900.00000       0.00000000       825.000000               0           0          22
  -7800.00000       0.00000000       825.000000               0           0          23
  -7700.00000       0.00000000       825.000000               0           0          24
  -7600.00000       0.00000000       825.000000               0           0          25
  -7500.00000       0.00000000       825.000000               0           0          26
  -7400.00000       0.00000000       825.000000               0           0          27
  -7300.00000       0.00000000       825.000000               0           0          28
  -7200.00000       0.00000000       825.000000               0           0          29
  -7100.00000       0.00000000       825.000000               0           0          30
  -7000.00000       0.00000000       825.000000               0           0          31
  -6900.00000       0.00000000       825.000000               0           0          32
  -6800.00000       0.00000000       825.000000               0           0          33
  -6700.00000       0.00000000       825.000000               0           0          34
  -6600.00000       0.00000000       825.000000               0           0          35
  -6500.00000       0.00000000       825.000000               0           0          36
  -6400.00000       0.00000000       825.000000               0           0          37
  -6300.00000       0.00000000       825.000000               0           0          38
  -6200.00000       0.00000000       825.000000               0           0          39
  -6100.00000       0.00000000       825.000000               0           0          40
  -6000.00000       0.00000000       825.000000               0           0          41
  -5900.00000       0.00000000       825.000000               0           0          42
  -5800.00000       0.00000000       825.000000               0           0          43
  -5700.00000       0.00000000       825.000000               0           0          44
  -5600.00000       0.00000000       825.000000               0           0          45
  -5500.00000       0.00000000       825.000000               0           0          46
  -5400.00000       0.00000000       825.000000               0           0          47
  -5300.00000       0.00000000       825.000000               0           0          48
  -5200.00000       0.00000000       825.000000               0           0          49
  -5100.00000       0.00000000       825.000000               0           0          50
  -5000.00000       0.00000000       825.000000               0           0          51
  -4900.00000       0.00000000       825.000000               0           0          52
  -4800.00000       0.00000000       825.000000               0           0          53
  -4700.00000       0.00000000       825.000000               0           0          54
  -4600.00000       0.00000000       825.000000               0           0          55
  -4500.00000       0.00000000       825.000000               0           0          56
  -4400.00000       0.00000000       825.000000               0           0          57
  -4300.00000       0.00000000       825.000000               0           0          58
  -4200.00000       0.00000000       825.000000               0           0          59
  -4100.00000       0.00000000       825.000000               0           0          60
  -4000.00000       0.00000000       825.000000               0           0          61
  -3900.00000       0.00000000       825.000000               0           0          62
  -3800.00000       0.00000000       825.000000               0           0          63
  -3700.00000       0.00000000       825.000000               0           0          64
  -3600.00000       0.00000000       825.000000               0           0          65
  -3500.00000       0.00000000       825.000000               0           0          66
  -3400.00000       0.00000000       825.000000               0           0          67
  -3300.00000       0.00000000       825.000000               0           0          68
  -3200.00000       0.00000000       825.000000               0           0          69
  -3100.00000       0.00000000       825.000000               0           0          70
  -3000.00000       0.00000000       825.000000               0           0          71
  -2900.00000       0.00000000       825.000000               0           0          72
  -2800.00000       0.00000000       825.000000               0           0          73
  -2700.00000       0.00000000       825.000000               0           0          74
  -2600.00000       0.00000000       825.000000               0           0          75
  -2500.00000       0.00000000       825.000000               0           0          76
  -2400.00000       0.00000000       825.000000               0           0          77
  -2300.00000       0.00000000       825.000000               0           0          78
  -2200.00000       0.00000000       825.000000               0           0          79
  -2100.00000       0.00000000       825.000000               0           0          80
  -2000.00000       0.00000000       825.000000               0           0          81
  -1900.00000       0.00000000       825.000000               0           0          82
  -1800.00000       0.00000000       825.000000               0           0          83
  -1700.00000       0.00000000       825.000000               0           0          84
  -1600.00000       0.00000000       825.000000               0           0          85
  -1500.00000       0.00000000       825.000000               0           0          86
  -1400.00000       0.00000000       825.000000               0           0          87
  -1300.00000       0.00000000       825.000000               0           0          88
  -1200.00000       0.00000000       825.000000               0           0          89
  -1100.00000       0.00000000       825.000000               0           0          90
  -1000.00000       0.00000000       825.000000               0           0          91
  -900.000000       0.00000000       825.000000               0           0          92
  -800.000000       0.00000000       825.000000               0           0          93
  -700.000000       0.00000000       825.000000               0           0          94
  -600.000000       0.00000000       825.000000               0           0          95
  -500.000000       0.00000000       825.000000               0           0          96
  -400.000000       0.00000000       825.000000               0           0          97
  -300.000000       0.00000000       825.000000               0           0          98
  -200.000000       0.00000000       825.000000               0           0          99
  -100.000000       0.00000000       825.000000               0           0         100
   0.00000000       0.00000000       825.000000               0           0         101
   100.000000       0.00000000       825.000000               0           0         102
   200.000000       0.00000000       825.000000               0           0         103
   300.000000       0.00000000       825.000000               0           0         104
   400.000000       0.00000000       825.000000               0           0         105
   500.000000       0.00000000       825.000000               0           0         106
   600.000000       0.00000000       825.000000               0           0         107
   700.000000       0.00000000       825.000000               0           0         108
   800.000000       0.00000000       825.000000               0           0         109
   900.000000       0.00000000       825.000000               0           0         110
   1000.00000       0.00000000       825.000000               0           0         111
   1100.00000       0.00000000       825.000000               0           0         112
   1200.00000       0.00000000       825.000000               0           0         113
   1300.00000       0.00000000       825.000000               0           0         114
   1400.00000       0.00000000       825.000000               0           0         115
   1500.00000       0.00000000       825.000000               0           0         116
   1600.00000       0.00000000       825.000000               0           0         117
   1700.00000       0.00000000       825.000000               0           0         118
   1800.00000       0.00000000       825.000000               0           0         119
   1900.00000       0.00000000       825.000000               0           0         120
   2000.00000       0.00000000       825.000000               0           0         121
   2100.00000       0.00000000       825.000000               0           0         122
   2200.00000       0.00000000       825.000000               0           0         123
   2300.00000       0.00000000       825.000000               0           0         124
   2400.00000       0.00000000       825.000000               0           0         125
   2500.00000       0.00000000       825.000000               0           0         126
   2600.00000       0.00000000       825.000000               0           0         127
   2700.00000       0.00000000       825.000000               0           0         128
   2800.00000       0.00000000       825.000000               0           0         129
   2900.00000       0.00000000       825.000000               0           0         130
   3000.00000       0.00000000       825.000000               0           0         131
   3100.00000       0.00000000       825.000000               0           0         132
   3200.00000       0.00000000       825.000000               0           0         133
   3300.00000       0.00000000       825.000000               0           0         134
   3400.00000       0.00000000       825.000000               0           0         135
   3500.00000       0.00000000       825.000000               0           0         136
   3600.00000       0.00000000       825.000000               0           0         137
   3700.00000       0.00000000       825.000000               0           0         138
   3800.00000       0.00000000       825.000000               0           0         139
   3900.00000       0.00000000       825.000000               0           0         140
   4000.00000       0.00000000       825.000000               0           0         141
   4100.00000       0.00000000       825.000000               0           0         142
   4200.00000       0.00000000       825.000000               0           0         143
   4300.00000       0.00000000       825.000000               0           0         144
   4400.00000       0.00000000       825.000000               0           0         145
   4500.00000       0.00000000       825.000000               0           0         146
   4600.00000       0.00000000       825.000000               0           0         147
   4700.00000       0.00000000       825.000000               0           0         148
   4800.00000       0.00000000       825.000000               0           0         149
   4900.00000       0.00000000       825.000000               0           0         150
   5000.00000       0.00000000       825.000000               0           0         151
   5100.00000       0.00000000       825.000000               0           0         152
   5200.00000       0.00000000       825.000000               0           0         153
   5300.00000       0.00000000       825.000000               0           0         154
   5400.00000       0.00000000       825.000000               0           0         155
   5500.00000       0.00000000       825.000000               0           0         156
   5600.00000       0.00000000       825.000000               0           0         157
   5700.00000       0.00000000       825.000000               0           0         158
   5800.00000       0.00000000       825.000000               0           0         159
   5900.00000       0.00000000       825.000000               0           0         160
   6000.00000       0.00000000       825.000000               0           0         161
   6100.00000       0.00000000       825.000000               0           0         162
   6200.00000       0.00000000       825.000000               0           0         163
   6300.00000       0.00000000       825.000000               0           0         164
   6400.00000       0.00000000       825.000000               0           0         165
   6500.00000       0.00000000       825.000000               0           0         166
   6600.00000       0.00000000       825.000000               0           0         167
   6700.00000       0.00000000       825.000000               0           0         168
   6800.00000       0.00000000       825.000000               0           0         169
   6900.00000       0.00000000       825.000000               0           0         170
   7000.00000       0.00000000       825.000000               0           0         171
   7100.00000       0.00000000       825.000000               0           0         172
   7200.00000       0.00000000       825.000000               0           0         173
   7300.00000       0.00000000       825.000000               0           0         174
   7400.00000       0.00000000       825.000000               0           0         175
   7500.00000       0.00000000       825.000000               0           0         176
   7600.00000       0.00000000       825.000000               0           0         177
   7700.00000       0.00000000       825.000000               0           0         178
   7800.00000       0.00000000       825.000000               0           0         179
   7900.00000       0.00000000       825.000000               0           0         180
   8000.00000       0.00000000       825.000000               0           0         181
   8100.00000       0.00000000       825.000000               0           0         182
   8200.00000       0.00000000       825.000000               0           0         183
   8300.00000       0.00000000       825.000000               0           0         184
   8400.00000       0.00000000       825.000000               0           0         185
   8500.00000       0.00000000       825.000000               0           0         186
   8600.00000       0.00000000       825.000000               0           0         187
   8700.00000       0.00000000       825.000000               0           0         188
   8800.00000       0.00000000       825.000000               0           0         189
   8900.00000       0.00000000       825.000000               0           0         190
   9000.00000       0.00000000       825.000000               0           0         191
   9100.00000       0.00000000       825.000000               0           0         192
   9200.00000       0.00000000       825.000000               0           0         193
   9300.00000       0.00000000       825.000000               0           0         194
   9400.00000       0.00000000       825.000000               0           0         195
   9500.00000       0.00000000       825.000000               0           0         196
   9600.00000       0.00000000       825.000000               0           0         197
   9700.00000       0.00000000       825.000000               0           0         198
   9800.00000       0.00000000       825.000000               0           0         199
   9900.00000       0.00000000       825.000000               0           0         200
   10000.0000       0.00000000       825.000000               0           0         201
