iTx 	 iRx    chrec  ifreq 	 emf_real 	 emf_imag
1 	 1 	 Ex 	 1 	 -9.808702e-14 	 7.855933e-14
1 	 2 	 Ex 	 1 	 -1.072750e-13 	 9.450991e-14
1 	 3 	 Ex 	 1 	 -1.169220e-13 	 1.134979e-13
1 	 4 	 Ex 	 1 	 -1.269235e-13 	 1.358853e-13
1 	 5 	 Ex 	 1 	 -1.373366e-13 	 1.626711e-13
1 	 6 	 Ex 	 1 	 -1.480699e-13 	 1.944776e-13
1 	 7 	 Ex 	 1 	 -1.590254e-13 	 2.321688e-13
1 	 8 	 Ex 	 1 	 -1.702433e-13 	 2.778334e-13
1 	 9 	 Ex 	 1 	 -1.816698e-13 	 3.324521e-13
1 	 10 	 Ex 	 1 	 -1.932284e-13 	 3.988721e-13
1 	 11 	 Ex 	 1 	 -2.048546e-13 	 4.807210e-13
1 	 12 	 Ex 	 1 	 -2.164689e-13 	 5.820302e-13
1 	 13 	 Ex 	 1 	 -2.272011e-13 	 7.104931e-13
1 	 14 	 Ex 	 1 	 -2.359386e-13 	 8.752586e-13
1 	 15 	 Ex 	 1 	 -2.388147e-13 	 1.091137e-12
1 	 16 	 Ex 	 1 	 -2.346816e-13 	 1.373311e-12
1 	 17 	 Ex 	 1 	 -2.085478e-13 	 1.743393e-12
1 	 18 	 Ex 	 1 	 -1.327487e-13 	 2.265010e-12
1 	 19 	 Ex 	 1 	 2.861002e-14 	 3.085309e-12
1 	 20 	 Ex 	 1 	 3.413280e-13 	 4.122495e-12
1 	 21 	 Ex 	 1 	 9.792612e-13 	 5.617920e-12
1 	 22 	 Ex 	 1 	 2.145638e-12 	 7.848926e-12
1 	 23 	 Ex 	 1 	 4.429425e-12 	 1.105389e-11
1 	 24 	 Ex 	 1 	 8.701881e-12 	 1.582710e-11
1 	 25 	 Ex 	 1 	 1.772543e-11 	 2.347902e-11
1 	 26 	 Ex 	 1 	 3.678964e-11 	 3.540186e-11
1 	 27 	 Ex 	 1 	 1.338229e-10 	 5.780995e-11
1 	 28 	 Ex 	 1 	 -8.071991e-10 	 9.910895e-11
1 	 29 	 Ex 	 1 	 5.871813e-09 	 1.786898e-10
1 	 30 	 Ex 	 1 	 -9.459090e-11 	 7.632142e-10
1 	 31 	 Ex 	 1 	 -9.212754e-09 	 1.115097e-09
1 	 32 	 Ex 	 1 	 -2.640619e-10 	 6.478321e-10
1 	 33 	 Ex 	 1 	 3.215688e-09 	 2.128175e-10
1 	 34 	 Ex 	 1 	 3.993207e-11 	 9.629124e-11
1 	 35 	 Ex 	 1 	 6.839562e-11 	 5.897513e-11
1 	 36 	 Ex 	 1 	 3.373396e-11 	 3.674363e-11
1 	 37 	 Ex 	 1 	 1.607567e-11 	 2.489888e-11
1 	 38 	 Ex 	 1 	 7.808757e-12 	 1.743074e-11
1 	 39 	 Ex 	 1 	 3.690534e-12 	 1.244491e-11
1 	 40 	 Ex 	 1 	 1.564811e-12 	 9.017573e-12
1 	 41 	 Ex 	 1 	 4.726096e-13 	 6.617416e-12
1 	 42 	 Ex 	 1 	 -7.005188e-14 	 4.997476e-12
1 	 43 	 Ex 	 1 	 -3.177646e-13 	 3.676041e-12
1 	 44 	 Ex 	 1 	 -4.101335e-13 	 2.732148e-12
1 	 45 	 Ex 	 1 	 -4.091002e-13 	 2.122022e-12
1 	 46 	 Ex 	 1 	 -3.662908e-13 	 1.606711e-12
1 	 47 	 Ex 	 1 	 -3.211172e-13 	 1.293879e-12
1 	 48 	 Ex 	 1 	 -2.634594e-13 	 1.029681e-12
1 	 49 	 Ex 	 1 	 -2.098645e-13 	 8.298950e-13
1 	 50 	 Ex 	 1 	 -1.660708e-13 	 6.841973e-13
1 	 51 	 Ex 	 1 	 -1.287609e-13 	 5.724032e-13
1 	 52 	 Ex 	 1 	 -1.001469e-13 	 4.882996e-13
1 	 53 	 Ex 	 1 	 -7.904818e-14 	 4.232443e-13
1 	 54 	 Ex 	 1 	 -6.216438e-14 	 3.709297e-13
1 	 55 	 Ex 	 1 	 -4.941798e-14 	 3.262067e-13
1 	 56 	 Ex 	 1 	 -4.025929e-14 	 2.881938e-13
1 	 57 	 Ex 	 1 	 -3.520749e-14 	 2.625538e-13
1 	 58 	 Ex 	 1 	 -3.107920e-14 	 2.355054e-13
1 	 59 	 Ex 	 1 	 -2.916637e-14 	 2.145894e-13
1 	 60 	 Ex 	 1 	 -2.831807e-14 	 1.961100e-13
1 	 61 	 Ex 	 1 	 -2.761976e-14 	 1.760627e-13
1 	 62 	 Ex 	 1 	 -2.860150e-14 	 1.662374e-13
1 	 63 	 Ex 	 1 	 -2.970516e-14 	 1.530906e-13
1 	 64 	 Ex 	 1 	 -3.119177e-14 	 1.403407e-13
1 	 65 	 Ex 	 1 	 -3.296718e-14 	 1.276818e-13
1 	 66 	 Ex 	 1 	 -3.489730e-14 	 1.148210e-13
1 	 67 	 Ex 	 1 	 -3.671426e-14 	 1.016877e-13
1 	 68 	 Ex 	 1 	 -3.759202e-14 	 8.753068e-14
1 	 69 	 Ex 	 1 	 -3.965634e-14 	 7.767443e-14
1 	 70 	 Ex 	 1 	 -3.992975e-14 	 6.648492e-14
1 	 71 	 Ex 	 1 	 -3.999864e-14 	 5.638301e-14
1 	 72 	 Ex 	 1 	 -3.941735e-14 	 4.789011e-14
1 	 73 	 Ex 	 1 	 -3.799021e-14 	 3.972683e-14
1 	 74 	 Ex 	 1 	 -3.648753e-14 	 3.323210e-14
1 	 75 	 Ex 	 1 	 -3.409441e-14 	 2.715822e-14
1 	 76 	 Ex 	 1 	 -3.223567e-14 	 2.257577e-14
1 	 77 	 Ex 	 1 	 -2.974593e-14 	 1.847053e-14
1 	 78 	 Ex 	 1 	 -2.727486e-14 	 1.500740e-14
1 	 79 	 Ex 	 1 	 -2.481058e-14 	 1.225525e-14
1 	 80 	 Ex 	 1 	 -2.251822e-14 	 9.979081e-15
1 	 81 	 Ex 	 1 	 -2.009486e-14 	 8.119791e-15
1 	 82 	 Ex 	 1 	 -1.821344e-14 	 6.740084e-15
1 	 83 	 Ex 	 1 	 -1.606323e-14 	 5.534888e-15
1 	 84 	 Ex 	 1 	 -1.417926e-14 	 4.647879e-15
1 	 85 	 Ex 	 1 	 -1.289344e-14 	 4.094420e-15
1 	 86 	 Ex 	 1 	 -1.127394e-14 	 3.508765e-15
1 	 87 	 Ex 	 1 	 -9.846380e-15 	 3.087137e-15
1 	 88 	 Ex 	 1 	 -8.652153e-15 	 2.797900e-15
1 	 89 	 Ex 	 1 	 -7.616229e-15 	 2.593190e-15
1 	 90 	 Ex 	 1 	 -6.716300e-15 	 2.453265e-15
1 	 91 	 Ex 	 1 	 -5.931462e-15 	 2.364653e-15
1 	 92 	 Ex 	 1 	 -5.251887e-15 	 2.310849e-15
1 	 93 	 Ex 	 1 	 -4.661473e-15 	 2.285830e-15
1 	 94 	 Ex 	 1 	 -4.150651e-15 	 2.279789e-15
1 	 95 	 Ex 	 1 	 -3.709544e-15 	 2.286943e-15
1 	 96 	 Ex 	 1 	 -3.328849e-15 	 2.302273e-15
1 	 97 	 Ex 	 1 	 -3.000722e-15 	 2.323104e-15
1 	 98 	 Ex 	 1 	 -2.718001e-15 	 2.346783e-15
1 	 99 	 Ex 	 1 	 -2.475123e-15 	 2.368745e-15
1 	 100 	 Ex 	 1 	 -2.266405e-15 	 2.393290e-15
1 	 101 	 Ex 	 1 	 -2.087474e-15 	 2.413378e-15
1 	 102 	 Ex 	 1 	 -6.325416e-14 	 4.734692e-14
1 	 103 	 Ex 	 1 	 -6.704034e-14 	 5.594306e-14
1 	 104 	 Ex 	 1 	 -7.036185e-14 	 6.573082e-14
1 	 105 	 Ex 	 1 	 -7.291955e-14 	 7.663020e-14
1 	 106 	 Ex 	 1 	 -7.452760e-14 	 8.885228e-14
1 	 107 	 Ex 	 1 	 -7.476634e-14 	 1.021744e-13
1 	 108 	 Ex 	 1 	 -7.313560e-14 	 1.162740e-13
1 	 109 	 Ex 	 1 	 -6.925289e-14 	 1.312605e-13
1 	 110 	 Ex 	 1 	 -6.238189e-14 	 1.459936e-13
1 	 111 	 Ex 	 1 	 -5.183559e-14 	 1.597845e-13
1 	 112 	 Ex 	 1 	 -3.687396e-14 	 1.713643e-13
1 	 113 	 Ex 	 1 	 -1.666222e-14 	 1.781760e-13
1 	 114 	 Ex 	 1 	 9.669761e-15 	 1.777521e-13
1 	 115 	 Ex 	 1 	 4.273737e-14 	 1.654169e-13
1 	 116 	 Ex 	 1 	 8.312464e-14 	 1.354978e-13
1 	 117 	 Ex 	 1 	 1.290012e-13 	 7.663406e-14
1 	 118 	 Ex 	 1 	 1.782856e-13 	 -1.927573e-14
1 	 119 	 Ex 	 1 	 2.295312e-13 	 -1.660237e-13
1 	 120 	 Ex 	 1 	 2.823506e-13 	 -4.020264e-13
1 	 121 	 Ex 	 1 	 3.081091e-13 	 -7.281700e-13
1 	 122 	 Ex 	 1 	 3.031517e-13 	 -1.185346e-12
1 	 123 	 Ex 	 1 	 2.307341e-13 	 -1.831893e-12
1 	 124 	 Ex 	 1 	 7.088535e-14 	 -2.671526e-12
1 	 125 	 Ex 	 1 	 -2.324483e-13 	 -3.739212e-12
1 	 126 	 Ex 	 1 	 -7.088115e-13 	 -5.106130e-12
1 	 127 	 Ex 	 1 	 -1.353953e-12 	 -6.620836e-12
1 	 128 	 Ex 	 1 	 -2.210159e-12 	 -8.356109e-12
1 	 129 	 Ex 	 1 	 -3.116301e-12 	 -1.008727e-11
1 	 130 	 Ex 	 1 	 -3.915757e-12 	 -1.141942e-11
1 	 131 	 Ex 	 1 	 -4.610839e-12 	 -1.262425e-11
1 	 132 	 Ex 	 1 	 -4.831693e-12 	 -1.298038e-11
1 	 133 	 Ex 	 1 	 -4.723780e-12 	 -1.288252e-11
1 	 134 	 Ex 	 1 	 -4.178065e-12 	 -1.200711e-11
1 	 135 	 Ex 	 1 	 -3.371883e-12 	 -1.064509e-11
1 	 136 	 Ex 	 1 	 -2.582075e-12 	 -9.271762e-12
1 	 137 	 Ex 	 1 	 -1.677430e-12 	 -7.363275e-12
1 	 138 	 Ex 	 1 	 -9.790029e-13 	 -5.706200e-12
1 	 139 	 Ex 	 1 	 -4.724396e-13 	 -4.273323e-12
1 	 140 	 Ex 	 1 	 -1.378446e-13 	 -3.089339e-12
1 	 141 	 Ex 	 1 	 5.902866e-14 	 -2.153960e-12
1 	 142 	 Ex 	 1 	 1.592489e-13 	 -1.440803e-12
1 	 143 	 Ex 	 1 	 2.014673e-13 	 -9.245342e-13
1 	 144 	 Ex 	 1 	 1.977305e-13 	 -5.259913e-13
1 	 145 	 Ex 	 1 	 1.774433e-13 	 -2.425027e-13
1 	 146 	 Ex 	 1 	 1.516992e-13 	 -6.558330e-14
1 	 147 	 Ex 	 1 	 1.201209e-13 	 5.934007e-14
1 	 148 	 Ex 	 1 	 9.540988e-14 	 1.341786e-13
1 	 149 	 Ex 	 1 	 7.255897e-14 	 1.807182e-13
1 	 150 	 Ex 	 1 	 5.383651e-14 	 2.054374e-13
1 	 151 	 Ex 	 1 	 3.911996e-14 	 2.162821e-13
1 	 152 	 Ex 	 1 	 2.790733e-14 	 2.184393e-13
1 	 153 	 Ex 	 1 	 1.924799e-14 	 2.151296e-13
1 	 154 	 Ex 	 1 	 1.236136e-14 	 2.079055e-13
1 	 155 	 Ex 	 1 	 7.012018e-15 	 1.996281e-13
1 	 156 	 Ex 	 1 	 2.586678e-15 	 1.889783e-13
1 	 157 	 Ex 	 1 	 -1.257469e-15 	 1.774772e-13
1 	 158 	 Ex 	 1 	 -4.819616e-15 	 1.697610e-13
1 	 159 	 Ex 	 1 	 -7.725148e-15 	 1.584516e-13
1 	 160 	 Ex 	 1 	 -1.079632e-14 	 1.494947e-13
1 	 161 	 Ex 	 1 	 -1.347192e-14 	 1.404057e-13
1 	 162 	 Ex 	 1 	 -1.577676e-14 	 1.292529e-13
1 	 163 	 Ex 	 1 	 -1.846512e-14 	 1.244953e-13
1 	 164 	 Ex 	 1 	 -2.092911e-14 	 1.165958e-13
1 	 165 	 Ex 	 1 	 -2.336223e-14 	 1.083834e-13
1 	 166 	 Ex 	 1 	 -2.575800e-14 	 9.972572e-14
1 	 167 	 Ex 	 1 	 -2.804801e-14 	 9.047446e-14
1 	 168 	 Ex 	 1 	 -3.006102e-14 	 8.065865e-14
1 	 169 	 Ex 	 1 	 -3.112228e-14 	 6.975144e-14
1 	 170 	 Ex 	 1 	 -3.308470e-14 	 6.208425e-14
1 	 171 	 Ex 	 1 	 -3.346271e-14 	 5.321447e-14
1 	 172 	 Ex 	 1 	 -3.364282e-14 	 4.514559e-14
1 	 173 	 Ex 	 1 	 -3.322155e-14 	 3.831333e-14
1 	 174 	 Ex 	 1 	 -3.209727e-14 	 3.172726e-14
1 	 175 	 Ex 	 1 	 -3.087050e-14 	 2.646736e-14
1 	 176 	 Ex 	 1 	 -2.890045e-14 	 2.155437e-14
1 	 177 	 Ex 	 1 	 -2.735598e-14 	 1.783420e-14
1 	 178 	 Ex 	 1 	 -2.526441e-14 	 1.451584e-14
1 	 179 	 Ex 	 1 	 -2.319425e-14 	 1.172133e-14
1 	 180 	 Ex 	 1 	 -2.111064e-14 	 9.515409e-15
1 	 181 	 Ex 	 1 	 -1.918106e-14 	 7.694195e-15
1 	 182 	 Ex 	 1 	 -1.712576e-14 	 6.227019e-15
1 	 183 	 Ex 	 1 	 -1.553559e-14 	 5.141901e-15
1 	 184 	 Ex 	 1 	 -1.370921e-14 	 4.210720e-15
1 	 185 	 Ex 	 1 	 -1.210752e-14 	 3.541210e-15
1 	 186 	 Ex 	 1 	 -1.101561e-14 	 3.132942e-15
1 	 187 	 Ex 	 1 	 -9.638557e-15 	 2.704995e-15
1 	 188 	 Ex 	 1 	 -8.423760e-15 	 2.409947e-15
1 	 189 	 Ex 	 1 	 -7.408409e-15 	 2.218825e-15
1 	 190 	 Ex 	 1 	 -6.528126e-15 	 2.093072e-15
1 	 191 	 Ex 	 1 	 -5.763781e-15 	 2.016889e-15
1 	 192 	 Ex 	 1 	 -5.097699e-15 	 1.979658e-15
1 	 193 	 Ex 	 1 	 -4.521479e-15 	 1.967443e-15
1 	 194 	 Ex 	 1 	 -4.021494e-15 	 1.975903e-15
1 	 195 	 Ex 	 1 	 -3.589441e-15 	 1.996969e-15
1 	 196 	 Ex 	 1 	 -3.216761e-15 	 2.026162e-15
1 	 197 	 Ex 	 1 	 -2.895617e-15 	 2.059427e-15
1 	 198 	 Ex 	 1 	 -2.619349e-15 	 2.094834e-15
1 	 199 	 Ex 	 1 	 -2.381707e-15 	 2.130442e-15
1 	 200 	 Ex 	 1 	 -2.177879e-15 	 2.162366e-15
1 	 201 	 Ex 	 1 	 -2.003308e-15 	 2.194872e-15
1 	 202 	 Ex 	 1 	 -1.853965e-15 	 2.221846e-15
1 	 203 	 Ex 	 1 	 -1.578795e-14 	 9.237134e-15
1 	 204 	 Ex 	 1 	 -1.476243e-14 	 1.070618e-14
1 	 205 	 Ex 	 1 	 -1.307350e-14 	 1.220470e-14
1 	 206 	 Ex 	 1 	 -1.052083e-14 	 1.362432e-14
1 	 207 	 Ex 	 1 	 -7.005737e-15 	 1.492515e-14
1 	 208 	 Ex 	 1 	 -2.276228e-15 	 1.592889e-14
1 	 209 	 Ex 	 1 	 3.945948e-15 	 1.641871e-14
1 	 210 	 Ex 	 1 	 1.178231e-14 	 1.629841e-14
1 	 211 	 Ex 	 1 	 2.164561e-14 	 1.512309e-14
1 	 212 	 Ex 	 1 	 3.379070e-14 	 1.261118e-14
1 	 213 	 Ex 	 1 	 4.848950e-14 	 8.384594e-15
1 	 214 	 Ex 	 1 	 6.614951e-14 	 1.824719e-15
1 	 215 	 Ex 	 1 	 8.701730e-14 	 -7.473263e-15
1 	 216 	 Ex 	 1 	 1.114192e-13 	 -2.022223e-14
1 	 217 	 Ex 	 1 	 1.396034e-13 	 -3.698829e-14
1 	 218 	 Ex 	 1 	 1.718577e-13 	 -5.910512e-14
1 	 219 	 Ex 	 1 	 2.067749e-13 	 -8.604455e-14
1 	 220 	 Ex 	 1 	 2.455899e-13 	 -1.188647e-13
1 	 221 	 Ex 	 1 	 2.980953e-13 	 -1.647936e-13
1 	 222 	 Ex 	 1 	 3.458193e-13 	 -2.130259e-13
1 	 223 	 Ex 	 1 	 3.965533e-13 	 -2.678124e-13
1 	 224 	 Ex 	 1 	 4.553753e-13 	 -3.346363e-13
1 	 225 	 Ex 	 1 	 5.125320e-13 	 -4.044393e-13
1 	 226 	 Ex 	 1 	 5.689674e-13 	 -4.790562e-13
1 	 227 	 Ex 	 1 	 6.303195e-13 	 -5.619856e-13
1 	 228 	 Ex 	 1 	 6.825964e-13 	 -6.384309e-13
1 	 229 	 Ex 	 1 	 7.334345e-13 	 -7.170684e-13
1 	 230 	 Ex 	 1 	 7.832481e-13 	 -7.919753e-13
1 	 231 	 Ex 	 1 	 8.078750e-13 	 -8.389871e-13
1 	 232 	 Ex 	 1 	 8.411626e-13 	 -8.928375e-13
1 	 233 	 Ex 	 1 	 8.474435e-13 	 -9.112034e-13
1 	 234 	 Ex 	 1 	 8.550750e-13 	 -9.268490e-13
1 	 235 	 Ex 	 1 	 8.403337e-13 	 -9.104071e-13
1 	 236 	 Ex 	 1 	 8.161236e-13 	 -8.787484e-13
1 	 237 	 Ex 	 1 	 7.995944e-13 	 -8.488322e-13
1 	 238 	 Ex 	 1 	 7.413346e-13 	 -7.665090e-13
1 	 239 	 Ex 	 1 	 6.872994e-13 	 -6.863772e-13
1 	 240 	 Ex 	 1 	 6.308367e-13 	 -6.035100e-13
1 	 241 	 Ex 	 1 	 5.725052e-13 	 -5.202101e-13
1 	 242 	 Ex 	 1 	 5.139948e-13 	 -4.398469e-13
1 	 243 	 Ex 	 1 	 4.569167e-13 	 -3.644163e-13
1 	 244 	 Ex 	 1 	 4.092978e-13 	 -2.997366e-13
1 	 245 	 Ex 	 1 	 3.487685e-13 	 -2.301013e-13
1 	 246 	 Ex 	 1 	 2.966476e-13 	 -1.704225e-13
1 	 247 	 Ex 	 1 	 2.546422e-13 	 -1.238512e-13
1 	 248 	 Ex 	 1 	 2.101027e-13 	 -8.039412e-14
1 	 249 	 Ex 	 1 	 1.789653e-13 	 -4.927191e-14
1 	 250 	 Ex 	 1 	 1.475133e-13 	 -2.153743e-14
1 	 251 	 Ex 	 1 	 1.201303e-13 	 7.662108e-16
1 	 252 	 Ex 	 1 	 9.771487e-14 	 1.782445e-14
1 	 253 	 Ex 	 1 	 7.864904e-14 	 3.134226e-14
1 	 254 	 Ex 	 1 	 6.307743e-14 	 4.137173e-14
1 	 255 	 Ex 	 1 	 5.030102e-14 	 4.836973e-14
1 	 256 	 Ex 	 1 	 3.936407e-14 	 5.402069e-14
1 	 257 	 Ex 	 1 	 2.993980e-14 	 5.763291e-14
1 	 258 	 Ex 	 1 	 2.188157e-14 	 5.979744e-14
1 	 259 	 Ex 	 1 	 1.559579e-14 	 6.196419e-14
1 	 260 	 Ex 	 1 	 9.916083e-15 	 6.190309e-14
1 	 261 	 Ex 	 1 	 4.957056e-15 	 6.204801e-14
1 	 262 	 Ex 	 1 	 8.349501e-16 	 6.119612e-14
1 	 263 	 Ex 	 1 	 -2.898999e-15 	 5.896949e-14
1 	 264 	 Ex 	 1 	 -6.183215e-15 	 5.893091e-14
1 	 265 	 Ex 	 1 	 -9.113628e-15 	 5.693209e-14
1 	 266 	 Ex 	 1 	 -1.175802e-14 	 5.428711e-14
1 	 267 	 Ex 	 1 	 -1.413213e-14 	 5.096274e-14
1 	 268 	 Ex 	 1 	 -1.620051e-14 	 4.691691e-14
1 	 269 	 Ex 	 1 	 -1.790108e-14 	 4.222697e-14
1 	 270 	 Ex 	 1 	 -1.881570e-14 	 3.668995e-14
1 	 271 	 Ex 	 1 	 -2.019104e-14 	 3.266663e-14
1 	 272 	 Ex 	 1 	 -2.049993e-14 	 2.789068e-14
1 	 273 	 Ex 	 1 	 -2.067253e-14 	 2.347448e-14
1 	 274 	 Ex 	 1 	 -2.042233e-14 	 1.969591e-14
1 	 275 	 Ex 	 1 	 -1.977416e-14 	 1.605341e-14
1 	 276 	 Ex 	 1 	 -1.901754e-14 	 1.313058e-14
1 	 277 	 Ex 	 1 	 -1.783719e-14 	 1.043748e-14
1 	 278 	 Ex 	 1 	 -1.688649e-14 	 8.379593e-15
1 	 279 	 Ex 	 1 	 -1.558863e-14 	 6.591758e-15
1 	 280 	 Ex 	 1 	 -1.432449e-14 	 5.102930e-15
1 	 281 	 Ex 	 1 	 -1.302633e-14 	 3.967751e-15
1 	 282 	 Ex 	 1 	 -1.184481e-14 	 3.042753e-15
1 	 283 	 Ex 	 1 	 -1.056634e-14 	 2.349580e-15
1 	 284 	 Ex 	 1 	 -9.587225e-15 	 1.845774e-15
1 	 285 	 Ex 	 1 	 -8.456455e-15 	 1.458651e-15
1 	 286 	 Ex 	 1 	 -7.463473e-15 	 1.218391e-15
1 	 287 	 Ex 	 1 	 -6.787896e-15 	 1.094449e-15
1 	 288 	 Ex 	 1 	 -5.940156e-15 	 9.810611e-16
1 	 289 	 Ex 	 1 	 -5.192591e-15 	 9.379207e-16
1 	 290 	 Ex 	 1 	 -4.570280e-15 	 9.419040e-16
1 	 291 	 Ex 	 1 	 -4.033429e-15 	 9.733224e-16
1 	 292 	 Ex 	 1 	 -3.569875e-15 	 1.023868e-15
1 	 293 	 Ex 	 1 	 -3.168151e-15 	 1.088791e-15
1 	 294 	 Ex 	 1 	 -2.823038e-15 	 1.159387e-15
1 	 295 	 Ex 	 1 	 -2.525811e-15 	 1.234621e-15
1 	 296 	 Ex 	 1 	 -2.270700e-15 	 1.309998e-15
1 	 297 	 Ex 	 1 	 -2.052653e-15 	 1.383317e-15
1 	 298 	 Ex 	 1 	 -1.866625e-15 	 1.452659e-15
1 	 299 	 Ex 	 1 	 -1.708172e-15 	 1.517649e-15
1 	 300 	 Ex 	 1 	 -1.573414e-15 	 1.577619e-15
1 	 301 	 Ex 	 1 	 -1.459182e-15 	 1.630247e-15
1 	 302 	 Ex 	 1 	 -1.363127e-15 	 1.679410e-15
1 	 303 	 Ex 	 1 	 -1.282001e-15 	 1.721006e-15
1 	 304 	 Ex 	 1 	 3.062358e-15 	 -3.593860e-15
1 	 305 	 Ex 	 1 	 4.344985e-15 	 -3.715192e-15
1 	 306 	 Ex 	 1 	 5.898518e-15 	 -3.858963e-15
1 	 307 	 Ex 	 1 	 7.779777e-15 	 -4.039855e-15
1 	 308 	 Ex 	 1 	 9.998718e-15 	 -4.273996e-15
1 	 309 	 Ex 	 1 	 1.261274e-14 	 -4.586525e-15
1 	 310 	 Ex 	 1 	 1.567716e-14 	 -5.005414e-15
1 	 311 	 Ex 	 1 	 1.917232e-14 	 -5.552360e-15
1 	 312 	 Ex 	 1 	 2.318944e-14 	 -6.271181e-15
1 	 313 	 Ex 	 1 	 2.773476e-14 	 -7.189441e-15
1 	 314 	 Ex 	 1 	 3.281004e-14 	 -8.338152e-15
1 	 315 	 Ex 	 1 	 3.846093e-14 	 -9.762038e-15
1 	 316 	 Ex 	 1 	 4.464207e-14 	 -1.147398e-14
1 	 317 	 Ex 	 1 	 5.135257e-14 	 -1.350490e-14
1 	 318 	 Ex 	 1 	 5.853876e-14 	 -1.585841e-14
1 	 319 	 Ex 	 1 	 6.623321e-14 	 -1.860611e-14
1 	 320 	 Ex 	 1 	 7.382155e-14 	 -2.156484e-14
1 	 321 	 Ex 	 1 	 8.162113e-14 	 -2.490475e-14
1 	 322 	 Ex 	 1 	 9.279236e-14 	 -2.976423e-14
1 	 323 	 Ex 	 1 	 1.014435e-13 	 -3.401318e-14
1 	 324 	 Ex 	 1 	 1.097671e-13 	 -3.842737e-14
1 	 325 	 Ex 	 1 	 1.198484e-13 	 -4.377392e-14
1 	 326 	 Ex 	 1 	 1.284652e-13 	 -4.885534e-14
1 	 327 	 Ex 	 1 	 1.366703e-13 	 -5.397451e-14
1 	 328 	 Ex 	 1 	 1.455539e-13 	 -5.971413e-14
1 	 329 	 Ex 	 1 	 1.523839e-13 	 -6.471408e-14
1 	 330 	 Ex 	 1 	 1.589788e-13 	 -6.986694e-14
1 	 331 	 Ex 	 1 	 1.658207e-13 	 -7.538032e-14
1 	 332 	 Ex 	 1 	 1.678495e-13 	 -7.862793e-14
1 	 333 	 Ex 	 1 	 1.725349e-13 	 -8.343975e-14
1 	 334 	 Ex 	 1 	 1.725732e-13 	 -8.583969e-14
1 	 335 	 Ex 	 1 	 1.739233e-13 	 -8.906350e-14
1 	 336 	 Ex 	 1 	 1.716692e-13 	 -9.003214e-14
1 	 337 	 Ex 	 1 	 1.685815e-13 	 -9.066341e-14
1 	 338 	 Ex 	 1 	 1.677344e-13 	 -9.173318e-14
1 	 339 	 Ex 	 1 	 1.588443e-13 	 -8.762124e-14
1 	 340 	 Ex 	 1 	 1.512190e-13 	 -8.355227e-14
1 	 341 	 Ex 	 1 	 1.432911e-13 	 -7.874695e-14
1 	 342 	 Ex 	 1 	 1.349522e-13 	 -7.323633e-14
1 	 343 	 Ex 	 1 	 1.263938e-13 	 -6.729690e-14
1 	 344 	 Ex 	 1 	 1.177298e-13 	 -6.101567e-14
1 	 345 	 Ex 	 1 	 1.109410e-13 	 -5.536731e-14
1 	 346 	 Ex 	 1 	 9.970117e-14 	 -4.722006e-14
1 	 347 	 Ex 	 1 	 9.003859e-14 	 -3.970216e-14
1 	 348 	 Ex 	 1 	 8.188561e-14 	 -3.307820e-14
1 	 349 	 Ex 	 1 	 7.202783e-14 	 -2.583539e-14
1 	 350 	 Ex 	 1 	 6.532870e-14 	 -2.030017e-14
1 	 351 	 Ex 	 1 	 5.747285e-14 	 -1.440293e-14
1 	 352 	 Ex 	 1 	 4.997150e-14 	 -8.915562e-15
1 	 353 	 Ex 	 1 	 4.341448e-14 	 -4.148063e-15
1 	 354 	 Ex 	 1 	 3.728807e-14 	 2.431883e-16
1 	 355 	 Ex 	 1 	 3.188308e-14 	 4.009626e-15
1 	 356 	 Ex 	 1 	 2.707605e-14 	 7.139127e-15
1 	 357 	 Ex 	 1 	 2.255955e-14 	 1.007662e-14
1 	 358 	 Ex 	 1 	 1.829943e-14 	 1.252362e-14
1 	 359 	 Ex 	 1 	 1.438079e-14 	 1.454780e-14
1 	 360 	 Ex 	 1 	 1.124199e-14 	 1.638056e-14
1 	 361 	 Ex 	 1 	 8.096902e-15 	 1.753384e-14
1 	 362 	 Ex 	 1 	 5.292817e-15 	 1.862954e-14
1 	 363 	 Ex 	 1 	 2.843557e-15 	 1.923409e-14
1 	 364 	 Ex 	 1 	 5.077786e-16 	 1.931841e-14
1 	 365 	 Ex 	 1 	 -1.532379e-15 	 1.992833e-14
1 	 366 	 Ex 	 1 	 -3.356906e-15 	 1.972903e-14
1 	 367 	 Ex 	 1 	 -4.981071e-15 	 1.914452e-14
1 	 368 	 Ex 	 1 	 -6.391456e-15 	 1.815601e-14
1 	 369 	 Ex 	 1 	 -7.549318e-15 	 1.674958e-14
1 	 370 	 Ex 	 1 	 -8.440042e-15 	 1.497490e-14
1 	 371 	 Ex 	 1 	 -8.853193e-15 	 1.280609e-14
1 	 372 	 Ex 	 1 	 -9.452474e-15 	 1.109701e-14
1 	 373 	 Ex 	 1 	 -9.512196e-15 	 9.122133e-15
1 	 374 	 Ex 	 1 	 -9.510157e-15 	 7.262837e-15
1 	 375 	 Ex 	 1 	 -9.296967e-15 	 5.678494e-15
1 	 376 	 Ex 	 1 	 -8.938837e-15 	 4.183525e-15
1 	 377 	 Ex 	 1 	 -8.512562e-15 	 2.986986e-15
1 	 378 	 Ex 	 1 	 -7.935619e-15 	 1.946126e-15
1 	 379 	 Ex 	 1 	 -7.447737e-15 	 1.135897e-15
1 	 380 	 Ex 	 1 	 -6.809024e-15 	 4.981630e-16
1 	 381 	 Ex 	 1 	 -6.211913e-15 	 -6.623798e-18
1 	 382 	 Ex 	 1 	 -5.588320e-15 	 -3.419752e-16
1 	 383 	 Ex 	 1 	 -5.043693e-15 	 -5.930074e-16
1 	 384 	 Ex 	 1 	 -4.449542e-15 	 -7.128994e-16
1 	 385 	 Ex 	 1 	 -4.001896e-15 	 -7.879836e-16
1 	 386 	 Ex 	 1 	 -3.493639e-15 	 -7.733761e-16
1 	 387 	 Ex 	 1 	 -3.048014e-15 	 -7.053477e-16
1 	 388 	 Ex 	 1 	 -2.743951e-15 	 -6.313234e-16
1 	 389 	 Ex 	 1 	 -2.378107e-15 	 -5.158704e-16
1 	 390 	 Ex 	 1 	 -2.058871e-15 	 -3.791825e-16
1 	 391 	 Ex 	 1 	 -1.798010e-15 	 -2.385012e-16
1 	 392 	 Ex 	 1 	 -1.578209e-15 	 -9.780225e-17
1 	 393 	 Ex 	 1 	 -1.393320e-15 	 4.020412e-17
1 	 394 	 Ex 	 1 	 -1.237639e-15 	 1.747645e-16
1 	 395 	 Ex 	 1 	 -1.108087e-15 	 3.018024e-16
1 	 396 	 Ex 	 1 	 -1.000717e-15 	 4.221085e-16
1 	 397 	 Ex 	 1 	 -9.124516e-16 	 5.339505e-16
1 	 398 	 Ex 	 1 	 -8.406430e-16 	 6.369848e-16
1 	 399 	 Ex 	 1 	 -7.828311e-16 	 7.308731e-16
1 	 400 	 Ex 	 1 	 -7.369296e-16 	 8.161146e-16
1 	 401 	 Ex 	 1 	 -7.009479e-16 	 8.930227e-16
1 	 402 	 Ex 	 1 	 -6.730676e-16 	 9.607646e-16
1 	 403 	 Ex 	 1 	 -6.527935e-16 	 1.022193e-15
1 	 404 	 Ex 	 1 	 -6.379649e-16 	 1.075305e-15
1 	 405 	 Ex 	 1 	 5.959655e-15 	 -5.588721e-15
1 	 406 	 Ex 	 1 	 6.618483e-15 	 -5.841022e-15
1 	 407 	 Ex 	 1 	 7.351312e-15 	 -6.090577e-15
1 	 408 	 Ex 	 1 	 8.169229e-15 	 -6.333851e-15
1 	 409 	 Ex 	 1 	 9.071610e-15 	 -6.577650e-15
1 	 410 	 Ex 	 1 	 1.006774e-14 	 -6.820866e-15
1 	 411 	 Ex 	 1 	 1.116558e-14 	 -7.062976e-15
1 	 412 	 Ex 	 1 	 1.235484e-14 	 -7.316429e-15
1 	 413 	 Ex 	 1 	 1.364818e-14 	 -7.577525e-15
1 	 414 	 Ex 	 1 	 1.503877e-14 	 -7.854209e-15
1 	 415 	 Ex 	 1 	 1.651882e-14 	 -8.154086e-15
1 	 416 	 Ex 	 1 	 1.808853e-14 	 -8.478569e-15
1 	 417 	 Ex 	 1 	 1.972738e-14 	 -8.838071e-15
1 	 418 	 Ex 	 1 	 2.142413e-14 	 -9.236128e-15
1 	 419 	 Ex 	 1 	 2.315577e-14 	 -9.679132e-15
1 	 420 	 Ex 	 1 	 2.491281e-14 	 -1.016512e-14
1 	 421 	 Ex 	 1 	 2.650054e-14 	 -1.065487e-14
1 	 422 	 Ex 	 1 	 2.804892e-14 	 -1.125202e-14
1 	 423 	 Ex 	 1 	 3.058115e-14 	 -1.238848e-14
1 	 424 	 Ex 	 1 	 3.217835e-14 	 -1.323109e-14
1 	 425 	 Ex 	 1 	 3.357347e-14 	 -1.415068e-14
1 	 426 	 Ex 	 1 	 3.542896e-14 	 -1.537362e-14
1 	 427 	 Ex 	 1 	 3.679854e-14 	 -1.656417e-14
1 	 428 	 Ex 	 1 	 3.800102e-14 	 -1.778323e-14
1 	 429 	 Ex 	 1 	 3.938514e-14 	 -1.927957e-14
1 	 430 	 Ex 	 1 	 4.025558e-14 	 -2.063380e-14
1 	 431 	 Ex 	 1 	 4.104919e-14 	 -2.209048e-14
1 	 432 	 Ex 	 1 	 4.208200e-14 	 -2.384105e-14
1 	 433 	 Ex 	 1 	 4.195222e-14 	 -2.498270e-14
1 	 434 	 Ex 	 1 	 4.264969e-14 	 -2.673790e-14
1 	 435 	 Ex 	 1 	 4.237050e-14 	 -2.786152e-14
1 	 436 	 Ex 	 1 	 4.256786e-14 	 -2.938817e-14
1 	 437 	 Ex 	 1 	 4.207229e-14 	 -3.028257e-14
1 	 438 	 Ex 	 1 	 4.158601e-14 	 -3.119870e-14
1 	 439 	 Ex 	 1 	 4.173734e-14 	 -3.237595e-14
1 	 440 	 Ex 	 1 	 4.007835e-14 	 -3.187919e-14
1 	 441 	 Ex 	 1 	 3.882707e-14 	 -3.143599e-14
1 	 442 	 Ex 	 1 	 3.754977e-14 	 -3.075471e-14
1 	 443 	 Ex 	 1 	 3.619673e-14 	 -2.981344e-14
1 	 444 	 Ex 	 1 	 3.481154e-14 	 -2.866936e-14
1 	 445 	 Ex 	 1 	 3.338752e-14 	 -2.733323e-14
1 	 446 	 Ex 	 1 	 3.248637e-14 	 -2.626607e-14
1 	 447 	 Ex 	 1 	 3.023521e-14 	 -2.389352e-14
1 	 448 	 Ex 	 1 	 2.841356e-14 	 -2.174187e-14
1 	 449 	 Ex 	 1 	 2.685372e-14 	 -1.978502e-14
1 	 450 	 Ex 	 1 	 2.465664e-14 	 -1.729807e-14
1 	 451 	 Ex 	 1 	 2.333005e-14 	 -1.551463e-14
1 	 452 	 Ex 	 1 	 2.144607e-14 	 -1.332628e-14
1 	 453 	 Ex 	 1 	 1.949440e-14 	 -1.115977e-14
1 	 454 	 Ex 	 1 	 1.771494e-14 	 -9.211364e-15
1 	 455 	 Ex 	 1 	 1.591387e-14 	 -7.332256e-15
1 	 456 	 Ex 	 1 	 1.423604e-14 	 -5.642150e-15
1 	 457 	 Ex 	 1 	 1.265335e-14 	 -4.139529e-15
1 	 458 	 Ex 	 1 	 1.104988e-14 	 -2.698717e-15
1 	 459 	 Ex 	 1 	 9.420033e-15 	 -1.384117e-15
1 	 460 	 Ex 	 1 	 7.835058e-15 	 -2.210084e-16
1 	 461 	 Ex 	 1 	 6.565791e-15 	 7.277751e-16
1 	 462 	 Ex 	 1 	 5.165483e-15 	 1.548437e-15
1 	 463 	 Ex 	 1 	 3.907262e-15 	 2.249920e-15
1 	 464 	 Ex 	 1 	 2.762208e-15 	 2.759344e-15
1 	 465 	 Ex 	 1 	 1.619020e-15 	 3.124907e-15
1 	 466 	 Ex 	 1 	 6.457476e-16 	 3.460007e-15
1 	 467 	 Ex 	 1 	 -2.352460e-16 	 3.554985e-15
1 	 468 	 Ex 	 1 	 -1.008232e-15 	 3.484788e-15
1 	 469 	 Ex 	 1 	 -1.656741e-15 	 3.243785e-15
1 	 470 	 Ex 	 1 	 -2.155752e-15 	 2.831503e-15
1 	 471 	 Ex 	 1 	 -2.508081e-15 	 2.275382e-15
1 	 472 	 Ex 	 1 	 -2.633932e-15 	 1.611475e-15
1 	 473 	 Ex 	 1 	 -2.784944e-15 	 9.693392e-16
1 	 474 	 Ex 	 1 	 -2.738635e-15 	 3.247052e-16
1 	 475 	 Ex 	 1 	 -2.665275e-15 	 -3.017637e-16
1 	 476 	 Ex 	 1 	 -2.511372e-15 	 -8.220497e-16
1 	 477 	 Ex 	 1 	 -2.338620e-15 	 -1.274090e-15
1 	 478 	 Ex 	 1 	 -2.127900e-15 	 -1.636420e-15
1 	 479 	 Ex 	 1 	 -1.907867e-15 	 -1.887013e-15
1 	 480 	 Ex 	 1 	 -1.698422e-15 	 -2.103021e-15
1 	 481 	 Ex 	 1 	 -1.456633e-15 	 -2.208807e-15
1 	 482 	 Ex 	 1 	 -1.248967e-15 	 -2.262497e-15
1 	 483 	 Ex 	 1 	 -1.027855e-15 	 -2.249288e-15
1 	 484 	 Ex 	 1 	 -8.540355e-16 	 -2.206702e-15
1 	 485 	 Ex 	 1 	 -6.676914e-16 	 -2.094393e-15
1 	 486 	 Ex 	 1 	 -5.293227e-16 	 -2.000529e-15
1 	 487 	 Ex 	 1 	 -3.915690e-16 	 -1.833106e-15
1 	 488 	 Ex 	 1 	 -2.713348e-16 	 -1.661315e-15
1 	 489 	 Ex 	 1 	 -1.846008e-16 	 -1.531871e-15
1 	 490 	 Ex 	 1 	 -1.061576e-16 	 -1.340754e-15
1 	 491 	 Ex 	 1 	 -4.276405e-17 	 -1.150636e-15
1 	 492 	 Ex 	 1 	 2.920954e-18 	 -9.741835e-16
1 	 493 	 Ex 	 1 	 3.403771e-17 	 -8.072152e-16
1 	 494 	 Ex 	 1 	 5.312514e-17 	 -6.500918e-16
1 	 495 	 Ex 	 1 	 6.234904e-17 	 -5.022595e-16
1 	 496 	 Ex 	 1 	 6.327361e-17 	 -3.653441e-16
1 	 497 	 Ex 	 1 	 5.722230e-17 	 -2.382879e-16
1 	 498 	 Ex 	 1 	 4.572430e-17 	 -1.214677e-16
1 	 499 	 Ex 	 1 	 2.983043e-17 	 -1.460891e-17
1 	 500 	 Ex 	 1 	 1.056711e-17 	 8.258656e-17
1 	 501 	 Ex 	 1 	 -1.131774e-17 	 1.707740e-16
1 	 502 	 Ex 	 1 	 -3.507233e-17 	 2.505057e-16
1 	 503 	 Ex 	 1 	 -5.976136e-17 	 3.217526e-16
1 	 504 	 Ex 	 1 	 -8.579501e-17 	 3.861863e-16
1 	 505 	 Ex 	 1 	 -1.118247e-16 	 4.432221e-16
1 	 1 	 Ex 	 2 	 -7.891698e-15 	 -2.431992e-14
1 	 2 	 Ex 	 2 	 -1.232668e-14 	 -2.881774e-14
1 	 3 	 Ex 	 2 	 -1.846379e-14 	 -3.361942e-14
1 	 4 	 Ex 	 2 	 -2.671642e-14 	 -3.846178e-14
1 	 5 	 Ex 	 2 	 -3.766448e-14 	 -4.305704e-14
1 	 6 	 Ex 	 2 	 -5.184196e-14 	 -4.682045e-14
1 	 7 	 Ex 	 2 	 -6.984106e-14 	 -4.893307e-14
1 	 8 	 Ex 	 2 	 -9.251878e-14 	 -4.842249e-14
1 	 9 	 Ex 	 2 	 -1.202482e-13 	 -4.372123e-14
1 	 10 	 Ex 	 2 	 -1.537317e-13 	 -3.291016e-14
1 	 11 	 Ex 	 2 	 -1.934348e-13 	 -1.351385e-14
1 	 12 	 Ex 	 2 	 -2.391938e-13 	 1.766870e-14
1 	 13 	 Ex 	 2 	 -2.911606e-13 	 6.480610e-14
1 	 14 	 Ex 	 2 	 -3.482648e-13 	 1.329024e-13
1 	 15 	 Ex 	 2 	 -4.093896e-13 	 2.291843e-13
1 	 16 	 Ex 	 2 	 -4.693206e-13 	 3.583453e-13
1 	 17 	 Ex 	 2 	 -5.238510e-13 	 5.286305e-13
1 	 18 	 Ex 	 2 	 -5.757555e-13 	 7.642515e-13
1 	 19 	 Ex 	 2 	 -6.222701e-13 	 1.120692e-12
1 	 20 	 Ex 	 2 	 -6.355866e-13 	 1.557327e-12
1 	 21 	 Ex 	 2 	 -6.027638e-13 	 2.204646e-12
1 	 22 	 Ex 	 2 	 -5.577569e-13 	 3.144756e-12
1 	 23 	 Ex 	 2 	 -3.501130e-13 	 4.708916e-12
1 	 24 	 Ex 	 2 	 -2.228737e-14 	 7.406605e-12
1 	 25 	 Ex 	 2 	 1.352758e-12 	 1.309019e-11
1 	 26 	 Ex 	 2 	 6.371323e-12 	 2.536271e-11
1 	 27 	 Ex 	 2 	 7.461839e-11 	 5.770763e-11
1 	 28 	 Ex 	 2 	 -9.195267e-10 	 1.353948e-10
1 	 29 	 Ex 	 2 	 5.659377e-09 	 3.189227e-10
1 	 30 	 Ex 	 2 	 -4.953906e-10 	 2.011372e-09
1 	 31 	 Ex 	 2 	 -9.722763e-09 	 3.042695e-09
1 	 32 	 Ex 	 2 	 -6.558903e-10 	 1.667507e-09
1 	 33 	 Ex 	 2 	 3.002004e-09 	 4.204044e-10
1 	 34 	 Ex 	 2 	 -7.015730e-11 	 1.274936e-10
1 	 35 	 Ex 	 2 	 7.561128e-12 	 5.585143e-11
1 	 36 	 Ex 	 2 	 1.608552e-12 	 2.409308e-11
1 	 37 	 Ex 	 2 	 -1.826108e-12 	 1.203814e-11
1 	 38 	 Ex 	 2 	 -2.251683e-12 	 6.548238e-12
1 	 39 	 Ex 	 2 	 -1.959336e-12 	 3.847421e-12
1 	 40 	 Ex 	 2 	 -1.590658e-12 	 2.415169e-12
1 	 41 	 Ex 	 2 	 -1.272749e-12 	 1.610148e-12
1 	 42 	 Ex 	 2 	 -1.046674e-12 	 1.150369e-12
1 	 43 	 Ex 	 2 	 -8.427071e-13 	 8.132505e-13
1 	 44 	 Ex 	 2 	 -6.875245e-13 	 5.914623e-13
1 	 45 	 Ex 	 2 	 -5.816341e-13 	 4.586455e-13
1 	 46 	 Ex 	 2 	 -4.803386e-13 	 3.466516e-13
1 	 47 	 Ex 	 2 	 -4.163655e-13 	 2.787407e-13
1 	 48 	 Ex 	 2 	 -3.549990e-13 	 2.227924e-13
1 	 49 	 Ex 	 2 	 -3.040873e-13 	 1.792579e-13
1 	 50 	 Ex 	 2 	 -2.634865e-13 	 1.462189e-13
1 	 51 	 Ex 	 2 	 -2.296082e-13 	 1.203085e-13
1 	 52 	 Ex 	 2 	 -2.020030e-13 	 9.950095e-14
1 	 53 	 Ex 	 2 	 -1.788778e-13 	 8.212054e-14
1 	 54 	 Ex 	 2 	 -1.591588e-13 	 6.747569e-14
1 	 55 	 Ex 	 2 	 -1.411977e-13 	 5.446523e-14
1 	 56 	 Ex 	 2 	 -1.251156e-13 	 4.309614e-14
1 	 57 	 Ex 	 2 	 -1.136316e-13 	 3.428048e-14
1 	 58 	 Ex 	 2 	 -1.012098e-13 	 2.587695e-14
1 	 59 	 Ex 	 2 	 -9.115509e-14 	 1.864327e-14
1 	 60 	 Ex 	 2 	 -8.208556e-14 	 1.258794e-14
1 	 61 	 Ex 	 2 	 -7.235126e-14 	 7.139216e-15
1 	 62 	 Ex 	 2 	 -6.679247e-14 	 3.195562e-15
1 	 63 	 Ex 	 2 	 -5.991100e-14 	 -4.320749e-16
1 	 64 	 Ex 	 2 	 -5.323714e-14 	 -3.585963e-15
1 	 65 	 Ex 	 2 	 -4.665365e-14 	 -6.318089e-15
1 	 66 	 Ex 	 2 	 -4.008600e-14 	 -8.633948e-15
1 	 67 	 Ex 	 2 	 -3.356714e-14 	 -1.046497e-14
1 	 68 	 Ex 	 2 	 -2.706263e-14 	 -1.149992e-14
1 	 69 	 Ex 	 2 	 -2.215170e-14 	 -1.239934e-14
1 	 70 	 Ex 	 2 	 -1.729529e-14 	 -1.237942e-14
1 	 71 	 Ex 	 2 	 -1.305338e-14 	 -1.199407e-14
1 	 72 	 Ex 	 2 	 -9.798306e-15 	 -1.122564e-14
1 	 73 	 Ex 	 2 	 -6.970382e-15 	 -1.009290e-14
1 	 74 	 Ex 	 2 	 -4.977380e-15 	 -8.934271e-15
1 	 75 	 Ex 	 2 	 -3.406290e-15 	 -7.602049e-15
1 	 76 	 Ex 	 2 	 -2.386280e-15 	 -6.469144e-15
1 	 77 	 Ex 	 2 	 -1.702197e-15 	 -5.342809e-15
1 	 78 	 Ex 	 2 	 -1.253030e-15 	 -4.326820e-15
1 	 79 	 Ex 	 2 	 -1.044526e-15 	 -3.474461e-15
1 	 80 	 Ex 	 2 	 -9.382400e-16 	 -2.749120e-15
1 	 81 	 Ex 	 2 	 -9.388409e-16 	 -2.144539e-15
1 	 82 	 Ex 	 2 	 -9.935691e-16 	 -1.683736e-15
1 	 83 	 Ex 	 2 	 -1.050425e-15 	 -1.297997e-15
1 	 84 	 Ex 	 2 	 -1.136034e-15 	 -1.003110e-15
1 	 85 	 Ex 	 2 	 -1.238886e-15 	 -8.083694e-16
1 	 86 	 Ex 	 2 	 -1.282270e-15 	 -6.386000e-16
1 	 87 	 Ex 	 2 	 -1.313049e-15 	 -5.231974e-16
1 	 88 	 Ex 	 2 	 -1.333340e-15 	 -4.474665e-16
1 	 89 	 Ex 	 2 	 -1.338878e-15 	 -3.973853e-16
1 	 90 	 Ex 	 2 	 -1.331652e-15 	 -3.656437e-16
1 	 91 	 Ex 	 2 	 -1.313809e-15 	 -3.467986e-16
1 	 92 	 Ex 	 2 	 -1.287119e-15 	 -3.363812e-16
1 	 93 	 Ex 	 2 	 -1.253661e-15 	 -3.314308e-16
1 	 94 	 Ex 	 2 	 -1.215207e-15 	 -3.295051e-16
1 	 95 	 Ex 	 2 	 -1.173334e-15 	 -3.289236e-16
1 	 96 	 Ex 	 2 	 -1.129458e-15 	 -3.284970e-16
1 	 97 	 Ex 	 2 	 -1.084704e-15 	 -3.274815e-16
1 	 98 	 Ex 	 2 	 -1.040006e-15 	 -3.254110e-16
1 	 99 	 Ex 	 2 	 -9.961208e-16 	 -3.219382e-16
1 	 100 	 Ex 	 2 	 -9.534654e-16 	 -3.171339e-16
1 	 101 	 Ex 	 2 	 -9.125100e-16 	 -3.109103e-16
1 	 102 	 Ex 	 2 	 -2.285131e-15 	 -1.444071e-14
1 	 103 	 Ex 	 2 	 -4.166506e-15 	 -1.706497e-14
1 	 104 	 Ex 	 2 	 -6.804835e-15 	 -1.986438e-14
1 	 105 	 Ex 	 2 	 -1.035466e-14 	 -2.269392e-14
1 	 106 	 Ex 	 2 	 -1.501051e-14 	 -2.543384e-14
1 	 107 	 Ex 	 2 	 -2.091131e-14 	 -2.780462e-14
1 	 108 	 Ex 	 2 	 -2.816835e-14 	 -2.944768e-14
1 	 109 	 Ex 	 2 	 -3.693742e-14 	 -3.004681e-14
1 	 110 	 Ex 	 2 	 -4.705665e-14 	 -2.899236e-14
1 	 111 	 Ex 	 2 	 -5.840664e-14 	 -2.574216e-14
1 	 112 	 Ex 	 2 	 -7.062004e-14 	 -1.970316e-14
1 	 113 	 Ex 	 2 	 -8.287669e-14 	 -1.019759e-14
1 	 114 	 Ex 	 2 	 -9.436362e-14 	 3.291253e-15
1 	 115 	 Ex 	 2 	 -1.035004e-13 	 2.114318e-14
1 	 116 	 Ex 	 2 	 -1.085597e-13 	 4.359264e-14
1 	 117 	 Ex 	 2 	 -1.054568e-13 	 6.955486e-14
1 	 118 	 Ex 	 2 	 -9.162899e-14 	 9.753124e-14
1 	 119 	 Ex 	 2 	 -6.448112e-14 	 1.263923e-13
1 	 120 	 Ex 	 2 	 -1.492835e-14 	 1.584376e-13
1 	 121 	 Ex 	 2 	 6.376322e-14 	 1.763075e-13
1 	 122 	 Ex 	 2 	 1.802816e-13 	 1.813125e-13
1 	 123 	 Ex 	 2 	 3.536617e-13 	 1.514793e-13
1 	 124 	 Ex 	 2 	 5.890613e-13 	 8.117965e-14
1 	 125 	 Ex 	 2 	 9.019693e-13 	 -6.916909e-14
1 	 126 	 Ex 	 2 	 1.314659e-12 	 -3.125556e-13
1 	 127 	 Ex 	 2 	 1.788880e-12 	 -6.573029e-13
1 	 128 	 Ex 	 2 	 2.342441e-12 	 -1.137299e-12
1 	 129 	 Ex 	 2 	 2.910252e-12 	 -1.648416e-12
1 	 130 	 Ex 	 2 	 3.370595e-12 	 -2.108819e-12
1 	 131 	 Ex 	 2 	 3.793029e-12 	 -2.501623e-12
1 	 132 	 Ex 	 2 	 3.957510e-12 	 -2.602236e-12
1 	 133 	 Ex 	 2 	 3.966439e-12 	 -2.492781e-12
1 	 134 	 Ex 	 2 	 3.711391e-12 	 -2.124374e-12
1 	 135 	 Ex 	 2 	 3.275874e-12 	 -1.614531e-12
1 	 136 	 Ex 	 2 	 2.807203e-12 	 -1.136979e-12
1 	 137 	 Ex 	 2 	 2.163512e-12 	 -6.357408e-13
1 	 138 	 Ex 	 2 	 1.600113e-12 	 -2.791890e-13
1 	 139 	 Ex 	 2 	 1.121680e-12 	 -4.773760e-14
1 	 140 	 Ex 	 2 	 7.413317e-13 	 8.463851e-14
1 	 141 	 Ex 	 2 	 4.571825e-13 	 1.476623e-13
1 	 142 	 Ex 	 2 	 2.546902e-13 	 1.700053e-13
1 	 143 	 Ex 	 2 	 1.158494e-13 	 1.738391e-13
1 	 144 	 Ex 	 2 	 2.121188e-14 	 1.594389e-13
1 	 145 	 Ex 	 2 	 -4.148807e-14 	 1.437948e-13
1 	 146 	 Ex 	 2 	 -7.781551e-14 	 1.295564e-13
1 	 147 	 Ex 	 2 	 -9.872147e-14 	 1.123151e-13
1 	 148 	 Ex 	 2 	 -1.107959e-13 	 1.002471e-13
1 	 149 	 Ex 	 2 	 -1.153548e-13 	 8.767129e-14
1 	 150 	 Ex 	 2 	 -1.153473e-13 	 7.598867e-14
1 	 151 	 Ex 	 2 	 -1.128397e-13 	 6.583356e-14
1 	 152 	 Ex 	 2 	 -1.087431e-13 	 5.681035e-14
1 	 153 	 Ex 	 2 	 -1.037275e-13 	 4.868588e-14
1 	 154 	 Ex 	 2 	 -9.792060e-14 	 4.115375e-14
1 	 155 	 Ex 	 2 	 -9.216111e-14 	 3.432017e-14
1 	 156 	 Ex 	 2 	 -8.569884e-14 	 2.780666e-14
1 	 157 	 Ex 	 2 	 -7.907589e-14 	 2.182787e-14
1 	 158 	 Ex 	 2 	 -7.424309e-14 	 1.696018e-14
1 	 159 	 Ex 	 2 	 -6.795691e-14 	 1.215981e-14
1 	 160 	 Ex 	 2 	 -6.270697e-14 	 7.884521e-15
1 	 161 	 Ex 	 2 	 -5.755049e-14 	 4.224439e-15
1 	 162 	 Ex 	 2 	 -5.163172e-14 	 9.419028e-16
1 	 163 	 Ex 	 2 	 -4.833732e-14 	 -1.591913e-15
1 	 164 	 Ex 	 2 	 -4.386405e-14 	 -3.862733e-15
1 	 165 	 Ex 	 2 	 -3.933025e-14 	 -5.843017e-15
1 	 166 	 Ex 	 2 	 -3.468648e-14 	 -7.550052e-15
1 	 167 	 Ex 	 2 	 -2.991014e-14 	 -8.968259e-15
1 	 168 	 Ex 	 2 	 -2.506295e-14 	 -1.003465e-14
1 	 169 	 Ex 	 2 	 -2.016767e-14 	 -1.049127e-14
1 	 170 	 Ex 	 2 	 -1.643167e-14 	 -1.093821e-14
1 	 171 	 Ex 	 2 	 -1.273455e-14 	 -1.066678e-14
1 	 172 	 Ex 	 2 	 -9.504095e-15 	 -1.014303e-14
1 	 173 	 Ex 	 2 	 -7.037223e-15 	 -9.367165e-15
1 	 174 	 Ex 	 2 	 -4.910239e-15 	 -8.327514e-15
1 	 175 	 Ex 	 2 	 -3.429084e-15 	 -7.306493e-15
1 	 176 	 Ex 	 2 	 -2.282418e-15 	 -6.170896e-15
1 	 177 	 Ex 	 2 	 -1.555568e-15 	 -5.216211e-15
1 	 178 	 Ex 	 2 	 -1.091836e-15 	 -4.283375e-15
1 	 179 	 Ex 	 2 	 -8.058193e-16 	 -3.450151e-15
1 	 180 	 Ex 	 2 	 -7.019624e-16 	 -2.758014e-15
1 	 181 	 Ex 	 2 	 -6.700232e-16 	 -2.172707e-15
1 	 182 	 Ex 	 2 	 -7.163341e-16 	 -1.689443e-15
1 	 183 	 Ex 	 2 	 -7.976955e-16 	 -1.322952e-15
1 	 184 	 Ex 	 2 	 -8.733688e-16 	 -1.019029e-15
1 	 185 	 Ex 	 2 	 -9.675045e-16 	 -7.888182e-16
1 	 186 	 Ex 	 2 	 -1.070915e-15 	 -6.382477e-16
1 	 187 	 Ex 	 2 	 -1.120262e-15 	 -5.085609e-16
1 	 188 	 Ex 	 2 	 -1.155517e-15 	 -4.224464e-16
1 	 189 	 Ex 	 2 	 -1.179483e-15 	 -3.675993e-16
1 	 190 	 Ex 	 2 	 -1.189061e-15 	 -3.326905e-16
1 	 191 	 Ex 	 2 	 -1.186374e-15 	 -3.118455e-16
1 	 192 	 Ex 	 2 	 -1.173562e-15 	 -3.007412e-16
1 	 193 	 Ex 	 2 	 -1.152387e-15 	 -2.957841e-16
1 	 194 	 Ex 	 2 	 -1.124811e-15 	 -2.946573e-16
1 	 195 	 Ex 	 2 	 -1.092508e-15 	 -2.954212e-16
1 	 196 	 Ex 	 2 	 -1.056939e-15 	 -2.967588e-16
1 	 197 	 Ex 	 2 	 -1.019405e-15 	 -2.977685e-16
1 	 198 	 Ex 	 2 	 -9.809283e-16 	 -2.978922e-16
1 	 199 	 Ex 	 2 	 -9.423596e-16 	 -2.968058e-16
1 	 200 	 Ex 	 2 	 -9.043862e-16 	 -2.942747e-16
1 	 201 	 Ex 	 2 	 -8.673961e-16 	 -2.903894e-16
1 	 202 	 Ex 	 2 	 -8.318437e-16 	 -2.851037e-16
1 	 203 	 Ex 	 2 	 1.640237e-15 	 -2.285733e-15
1 	 204 	 Ex 	 2 	 1.693313e-15 	 -2.695832e-15
1 	 205 	 Ex 	 2 	 1.663184e-15 	 -3.106268e-15
1 	 206 	 Ex 	 2 	 1.529846e-15 	 -3.474014e-15
1 	 207 	 Ex 	 2 	 1.288862e-15 	 -3.769738e-15
1 	 208 	 Ex 	 2 	 9.358254e-16 	 -3.922945e-15
1 	 209 	 Ex 	 2 	 4.790922e-16 	 -3.851013e-15
1 	 210 	 Ex 	 2 	 -4.739478e-17 	 -3.505181e-15
1 	 211 	 Ex 	 2 	 -5.883351e-16 	 -2.747950e-15
1 	 212 	 Ex 	 2 	 -1.063038e-15 	 -1.496505e-15
1 	 213 	 Ex 	 2 	 -1.353749e-15 	 3.376447e-16
1 	 214 	 Ex 	 2 	 -1.298668e-15 	 2.880346e-15
1 	 215 	 Ex 	 2 	 -7.313413e-16 	 6.169394e-15
1 	 216 	 Ex 	 2 	 5.732428e-16 	 1.027651e-14
1 	 217 	 Ex 	 2 	 2.816965e-15 	 1.520314e-14
1 	 218 	 Ex 	 2 	 6.406201e-15 	 2.104801e-14
1 	 219 	 Ex 	 2 	 1.135931e-14 	 2.742728e-14
1 	 220 	 Ex 	 2 	 1.799892e-14 	 3.424576e-14
1 	 221 	 Ex 	 2 	 2.759311e-14 	 4.299677e-14
1 	 222 	 Ex 	 2 	 3.824671e-14 	 5.081451e-14
1 	 223 	 Ex 	 2 	 5.054687e-14 	 5.855495e-14
1 	 224 	 Ex 	 2 	 6.575032e-14 	 6.705572e-14
1 	 225 	 Ex 	 2 	 8.160276e-14 	 7.461569e-14
1 	 226 	 Ex 	 2 	 9.864106e-14 	 8.157650e-14
1 	 227 	 Ex 	 2 	 1.172606e-13 	 8.847914e-14
1 	 228 	 Ex 	 2 	 1.342141e-13 	 9.371097e-14
1 	 229 	 Ex 	 2 	 1.514900e-13 	 9.806153e-14
1 	 230 	 Ex 	 2 	 1.674609e-13 	 1.019169e-13
1 	 231 	 Ex 	 2 	 1.771647e-13 	 1.023166e-13
1 	 232 	 Ex 	 2 	 1.881961e-13 	 1.032410e-13
1 	 233 	 Ex 	 2 	 1.914966e-13 	 1.009747e-13
1 	 234 	 Ex 	 2 	 1.942432e-13 	 9.830206e-14
1 	 235 	 Ex 	 2 	 1.902582e-13 	 9.349964e-14
1 	 236 	 Ex 	 2 	 1.833734e-13 	 8.749810e-14
1 	 237 	 Ex 	 2 	 1.767747e-13 	 8.270202e-14
1 	 238 	 Ex 	 2 	 1.592140e-13 	 7.483600e-14
1 	 239 	 Ex 	 2 	 1.421867e-13 	 6.821782e-14
1 	 240 	 Ex 	 2 	 1.245868e-13 	 6.194946e-14
1 	 241 	 Ex 	 2 	 1.068379e-13 	 5.604411e-14
1 	 242 	 Ex 	 2 	 8.965256e-14 	 5.061101e-14
1 	 243 	 Ex 	 2 	 7.331981e-14 	 4.569851e-14
1 	 244 	 Ex 	 2 	 5.891963e-14 	 4.194825e-14
1 	 245 	 Ex 	 2 	 4.340133e-14 	 3.721419e-14
1 	 246 	 Ex 	 2 	 2.967046e-14 	 3.335701e-14
1 	 247 	 Ex 	 2 	 1.855798e-14 	 3.014390e-14
1 	 248 	 Ex 	 2 	 8.229776e-15 	 2.642301e-14
1 	 249 	 Ex 	 2 	 4.292739e-16 	 2.380313e-14
1 	 250 	 Ex 	 2 	 -6.522171e-15 	 2.079454e-14
1 	 251 	 Ex 	 2 	 -1.215100e-14 	 1.784736e-14
1 	 252 	 Ex 	 2 	 -1.648179e-14 	 1.518438e-14
1 	 253 	 Ex 	 2 	 -1.988654e-14 	 1.266370e-14
1 	 254 	 Ex 	 2 	 -2.227714e-14 	 1.034049e-14
1 	 255 	 Ex 	 2 	 -2.370935e-14 	 8.168414e-15
1 	 256 	 Ex 	 2 	 -2.472902e-14 	 6.091486e-15
1 	 257 	 Ex 	 2 	 -2.502931e-14 	 4.096844e-15
1 	 258 	 Ex 	 2 	 -2.484253e-14 	 2.254774e-15
1 	 259 	 Ex 	 2 	 -2.475828e-14 	 6.651343e-16
1 	 260 	 Ex 	 2 	 -2.381643e-14 	 -8.320428e-16
1 	 261 	 Ex 	 2 	 -2.297488e-14 	 -2.224858e-15
1 	 262 	 Ex 	 2 	 -2.183979e-14 	 -3.398186e-15
1 	 263 	 Ex 	 2 	 -2.025629e-14 	 -4.372682e-15
1 	 264 	 Ex 	 2 	 -1.946925e-14 	 -5.292080e-15
1 	 265 	 Ex 	 2 	 -1.804664e-14 	 -5.983553e-15
1 	 266 	 Ex 	 2 	 -1.642941e-14 	 -6.543526e-15
1 	 267 	 Ex 	 2 	 -1.461332e-14 	 -6.968149e-15
1 	 268 	 Ex 	 2 	 -1.260941e-14 	 -7.238768e-15
1 	 269 	 Ex 	 2 	 -1.047753e-14 	 -7.326694e-15
1 	 270 	 Ex 	 2 	 -8.286225e-15 	 -7.100912e-15
1 	 271 	 Ex 	 2 	 -6.562025e-15 	 -6.977200e-15
1 	 272 	 Ex 	 2 	 -4.882276e-15 	 -6.492193e-15
1 	 273 	 Ex 	 2 	 -3.423049e-15 	 -5.923577e-15
1 	 274 	 Ex 	 2 	 -2.337063e-15 	 -5.295966e-15
1 	 275 	 Ex 	 2 	 -1.434044e-15 	 -4.570460e-15
1 	 276 	 Ex 	 2 	 -8.387035e-16 	 -3.909727e-15
1 	 277 	 Ex 	 2 	 -4.178887e-16 	 -3.227067e-15
1 	 278 	 Ex 	 2 	 -1.839404e-16 	 -2.668064e-15
1 	 279 	 Ex 	 2 	 -8.042263e-17 	 -2.146856e-15
1 	 280 	 Ex 	 2 	 -5.451613e-17 	 -1.694258e-15
1 	 281 	 Ex 	 2 	 -1.069223e-16 	 -1.329981e-15
1 	 282 	 Ex 	 2 	 -1.818107e-16 	 -1.028392e-15
1 	 283 	 Ex 	 2 	 -2.856809e-16 	 -7.879602e-16
1 	 284 	 Ex 	 2 	 -3.942537e-16 	 -6.091954e-16
1 	 285 	 Ex 	 2 	 -4.882027e-16 	 -4.667366e-16
1 	 286 	 Ex 	 2 	 -5.839272e-16 	 -3.631266e-16
1 	 287 	 Ex 	 2 	 -6.764782e-16 	 -2.984444e-16
1 	 288 	 Ex 	 2 	 -7.308362e-16 	 -2.461336e-16
1 	 289 	 Ex 	 2 	 -7.708218e-16 	 -2.157403e-16
1 	 290 	 Ex 	 2 	 -7.997639e-16 	 -2.000721e-16
1 	 291 	 Ex 	 2 	 -8.166342e-16 	 -1.932656e-16
1 	 292 	 Ex 	 2 	 -8.234130e-16 	 -1.923308e-16
1 	 293 	 Ex 	 2 	 -8.219223e-16 	 -1.951367e-16
1 	 294 	 Ex 	 2 	 -8.136960e-16 	 -1.998529e-16
1 	 295 	 Ex 	 2 	 -8.002405e-16 	 -2.053973e-16
1 	 296 	 Ex 	 2 	 -7.828610e-16 	 -2.108384e-16
1 	 297 	 Ex 	 2 	 -7.626748e-16 	 -2.155802e-16
1 	 298 	 Ex 	 2 	 -7.406595e-16 	 -2.192434e-16
1 	 299 	 Ex 	 2 	 -7.175837e-16 	 -2.216247e-16
1 	 300 	 Ex 	 2 	 -6.940843e-16 	 -2.226419e-16
1 	 301 	 Ex 	 2 	 -6.706904e-16 	 -2.222475e-16
1 	 302 	 Ex 	 2 	 -6.476932e-16 	 -2.205698e-16
1 	 303 	 Ex 	 2 	 -6.254445e-16 	 -2.176648e-16
1 	 304 	 Ex 	 2 	 1.653456e-15 	 1.040896e-15
1 	 305 	 Ex 	 2 	 1.852664e-15 	 1.136245e-15
1 	 306 	 Ex 	 2 	 2.051500e-15 	 1.242891e-15
1 	 307 	 Ex 	 2 	 2.244034e-15 	 1.366369e-15
1 	 308 	 Ex 	 2 	 2.430036e-15 	 1.512895e-15
1 	 309 	 Ex 	 2 	 2.604210e-15 	 1.691514e-15
1 	 310 	 Ex 	 2 	 2.762326e-15 	 1.912547e-15
1 	 311 	 Ex 	 2 	 2.909847e-15 	 2.184784e-15
1 	 312 	 Ex 	 2 	 3.041478e-15 	 2.523686e-15
1 	 313 	 Ex 	 2 	 3.163278e-15 	 2.939951e-15
1 	 314 	 Ex 	 2 	 3.283427e-15 	 3.444432e-15
1 	 315 	 Ex 	 2 	 3.406735e-15 	 4.050656e-15
1 	 316 	 Ex 	 2 	 3.548822e-15 	 4.761703e-15
1 	 317 	 Ex 	 2 	 3.721122e-15 	 5.583627e-15
1 	 318 	 Ex 	 2 	 3.939425e-15 	 6.512060e-15
1 	 319 	 Ex 	 2 	 4.214312e-15 	 7.558011e-15
1 	 320 	 Ex 	 2 	 4.551388e-15 	 8.638184e-15
1 	 321 	 Ex 	 2 	 5.033493e-15 	 9.775418e-15
1 	 322 	 Ex 	 2 	 5.883917e-15 	 1.132423e-14
1 	 323 	 Ex 	 2 	 6.685404e-15 	 1.257330e-14
1 	 324 	 Ex 	 2 	 7.644687e-15 	 1.374719e-14
1 	 325 	 Ex 	 2 	 8.883927e-15 	 1.509287e-14
1 	 326 	 Ex 	 2 	 1.021349e-14 	 1.617970e-14
1 	 327 	 Ex 	 2 	 1.165806e-14 	 1.711286e-14
1 	 328 	 Ex 	 2 	 1.338469e-14 	 1.800773e-14
1 	 329 	 Ex 	 2 	 1.504771e-14 	 1.852238e-14
1 	 330 	 Ex 	 2 	 1.687256e-14 	 1.883938e-14
1 	 331 	 Ex 	 2 	 1.888670e-14 	 1.906172e-14
1 	 332 	 Ex 	 2 	 2.040953e-14 	 1.859395e-14
1 	 333 	 Ex 	 2 	 2.240048e-14 	 1.830626e-14
1 	 334 	 Ex 	 2 	 2.375882e-14 	 1.748863e-14
1 	 335 	 Ex 	 2 	 2.539939e-14 	 1.668661e-14
1 	 336 	 Ex 	 2 	 2.634612e-14 	 1.562647e-14
1 	 337 	 Ex 	 2 	 2.717396e-14 	 1.450038e-14
1 	 338 	 Ex 	 2 	 2.811128e-14 	 1.362994e-14
1 	 339 	 Ex 	 2 	 2.739582e-14 	 1.234012e-14
1 	 340 	 Ex 	 2 	 2.658860e-14 	 1.133123e-14
1 	 341 	 Ex 	 2 	 2.547372e-14 	 1.041552e-14
1 	 342 	 Ex 	 2 	 2.405942e-14 	 9.576452e-15
1 	 343 	 Ex 	 2 	 2.241880e-14 	 8.835706e-15
1 	 344 	 Ex 	 2 	 2.059134e-14 	 8.172230e-15
1 	 345 	 Ex 	 2 	 1.893754e-14 	 7.700031e-15
1 	 346 	 Ex 	 2 	 1.635052e-14 	 7.063766e-15
1 	 347 	 Ex 	 2 	 1.391955e-14 	 6.561846e-15
1 	 348 	 Ex 	 2 	 1.174798e-14 	 6.100722e-15
1 	 349 	 Ex 	 2 	 9.308403e-15 	 5.507079e-15
1 	 350 	 Ex 	 2 	 7.430980e-15 	 5.075811e-15
1 	 351 	 Ex 	 2 	 5.416584e-15 	 4.476418e-15
1 	 352 	 Ex 	 2 	 3.555573e-15 	 3.816539e-15
1 	 353 	 Ex 	 2 	 1.949117e-15 	 3.164315e-15
1 	 354 	 Ex 	 2 	 5.007004e-16 	 2.470554e-15
1 	 355 	 Ex 	 2 	 -7.013425e-16 	 1.802341e-15
1 	 356 	 Ex 	 2 	 -1.654855e-15 	 1.169320e-15
1 	 357 	 Ex 	 2 	 -2.492870e-15 	 5.122240e-16
1 	 358 	 Ex 	 2 	 -3.137489e-15 	 -1.257749e-16
1 	 359 	 Ex 	 2 	 -3.623627e-15 	 -7.260367e-16
1 	 360 	 Ex 	 2 	 -4.013367e-15 	 -1.267315e-15
1 	 361 	 Ex 	 2 	 -4.183553e-15 	 -1.745175e-15
1 	 362 	 Ex 	 2 	 -4.306224e-15 	 -2.200965e-15
1 	 363 	 Ex 	 2 	 -4.289763e-15 	 -2.567193e-15
1 	 364 	 Ex 	 2 	 -4.147458e-15 	 -2.846519e-15
1 	 365 	 Ex 	 2 	 -4.101364e-15 	 -3.165226e-15
1 	 366 	 Ex 	 2 	 -3.867907e-15 	 -3.346433e-15
1 	 367 	 Ex 	 2 	 -3.534570e-15 	 -3.453174e-15
1 	 368 	 Ex 	 2 	 -3.101927e-15 	 -3.480333e-15
1 	 369 	 Ex 	 2 	 -2.578737e-15 	 -3.419800e-15
1 	 370 	 Ex 	 2 	 -1.993865e-15 	 -3.269591e-15
1 	 371 	 Ex 	 2 	 -1.397584e-15 	 -2.995703e-15
1 	 372 	 Ex 	 2 	 -8.939875e-16 	 -2.786414e-15
1 	 373 	 Ex 	 2 	 -4.427409e-16 	 -2.457687e-15
1 	 374 	 Ex 	 2 	 -6.190155e-17 	 -2.119347e-15
1 	 375 	 Ex 	 2 	 1.963846e-16 	 -1.795671e-15
1 	 376 	 Ex 	 2 	 3.802065e-16 	 -1.462440e-15
1 	 377 	 Ex 	 2 	 4.739375e-16 	 -1.178616e-15
1 	 378 	 Ex 	 2 	 5.009375e-16 	 -9.127505e-16
1 	 379 	 Ex 	 2 	 4.852048e-16 	 -7.020929e-16
1 	 380 	 Ex 	 2 	 4.254347e-16 	 -5.219416e-16
1 	 381 	 Ex 	 2 	 3.464562e-16 	 -3.750571e-16
1 	 382 	 Ex 	 2 	 2.516772e-16 	 -2.656975e-16
1 	 383 	 Ex 	 2 	 1.569011e-16 	 -1.814128e-16
1 	 384 	 Ex 	 2 	 5.950471e-17 	 -1.220390e-16
1 	 385 	 Ex 	 2 	 -3.000668e-17 	 -8.177793e-17
1 	 386 	 Ex 	 2 	 -1.089001e-16 	 -5.608168e-17
1 	 387 	 Ex 	 2 	 -1.822328e-16 	 -4.218589e-17
1 	 388 	 Ex 	 2 	 -2.473104e-16 	 -3.729253e-17
1 	 389 	 Ex 	 2 	 -2.954357e-16 	 -3.794419e-17
1 	 390 	 Ex 	 2 	 -3.331922e-16 	 -4.411141e-17
1 	 391 	 Ex 	 2 	 -3.628861e-16 	 -5.310456e-17
1 	 392 	 Ex 	 2 	 -3.848149e-16 	 -6.331858e-17
1 	 393 	 Ex 	 2 	 -4.002122e-16 	 -7.390828e-17
1 	 394 	 Ex 	 2 	 -4.101643e-16 	 -8.432374e-17
1 	 395 	 Ex 	 2 	 -4.156426e-16 	 -9.405999e-17
1 	 396 	 Ex 	 2 	 -4.174946e-16 	 -1.028941e-16
1 	 397 	 Ex 	 2 	 -4.165006e-16 	 -1.106251e-16
1 	 398 	 Ex 	 2 	 -4.133131e-16 	 -1.171514e-16
1 	 399 	 Ex 	 2 	 -4.085038e-16 	 -1.224463e-16
1 	 400 	 Ex 	 2 	 -4.025350e-16 	 -1.265234e-16
1 	 401 	 Ex 	 2 	 -3.957919e-16 	 -1.294353e-16
1 	 402 	 Ex 	 2 	 -3.886144e-16 	 -1.312467e-16
1 	 403 	 Ex 	 2 	 -3.811868e-16 	 -1.320453e-16
1 	 404 	 Ex 	 2 	 -3.737488e-16 	 -1.319417e-16
1 	 405 	 Ex 	 2 	 1.454994e-15 	 1.203202e-15
1 	 406 	 Ex 	 2 	 1.583759e-15 	 1.295207e-15
1 	 407 	 Ex 	 2 	 1.716223e-15 	 1.390634e-15
1 	 408 	 Ex 	 2 	 1.851192e-15 	 1.489241e-15
1 	 409 	 Ex 	 2 	 1.987845e-15 	 1.591599e-15
1 	 410 	 Ex 	 2 	 2.124974e-15 	 1.697594e-15
1 	 411 	 Ex 	 2 	 2.261519e-15 	 1.807155e-15
1 	 412 	 Ex 	 2 	 2.397352e-15 	 1.921281e-15
1 	 413 	 Ex 	 2 	 2.531393e-15 	 2.039548e-15
1 	 414 	 Ex 	 2 	 2.663867e-15 	 2.162510e-15
1 	 415 	 Ex 	 2 	 2.795369e-15 	 2.290637e-15
1 	 416 	 Ex 	 2 	 2.926342e-15 	 2.423659e-15
1 	 417 	 Ex 	 2 	 3.058875e-15 	 2.561881e-15
1 	 418 	 Ex 	 2 	 3.194832e-15 	 2.704724e-15
1 	 419 	 Ex 	 2 	 3.337128e-15 	 2.851234e-15
1 	 420 	 Ex 	 2 	 3.488885e-15 	 2.998972e-15
1 	 421 	 Ex 	 2 	 3.638285e-15 	 3.128066e-15
1 	 422 	 Ex 	 2 	 3.821617e-15 	 3.248387e-15
1 	 423 	 Ex 	 2 	 4.195505e-15 	 3.462884e-15
1 	 424 	 Ex 	 2 	 4.477870e-15 	 3.577594e-15
1 	 425 	 Ex 	 2 	 4.791354e-15 	 3.665225e-15
1 	 426 	 Ex 	 2 	 5.230275e-15 	 3.788104e-15
1 	 427 	 Ex 	 2 	 5.660653e-15 	 3.849308e-15
1 	 428 	 Ex 	 2 	 6.134193e-15 	 3.874594e-15
1 	 429 	 Ex 	 2 	 6.707513e-15 	 3.893608e-15
1 	 430 	 Ex 	 2 	 7.248989e-15 	 3.845173e-15
1 	 431 	 Ex 	 2 	 7.853239e-15 	 3.753103e-15
1 	 432 	 Ex 	 2 	 8.540642e-15 	 3.669392e-15
1 	 433 	 Ex 	 2 	 9.037427e-15 	 3.467769e-15
1 	 434 	 Ex 	 2 	 9.735178e-15 	 3.310964e-15
1 	 435 	 Ex 	 2 	 1.019998e-14 	 3.086086e-15
1 	 436 	 Ex 	 2 	 1.080559e-14 	 2.871298e-15
1 	 437 	 Ex 	 2 	 1.116930e-14 	 2.644854e-15
1 	 438 	 Ex 	 2 	 1.150855e-14 	 2.419931e-15
1 	 439 	 Ex 	 2 	 1.197350e-14 	 2.256818e-15
1 	 440 	 Ex 	 2 	 1.181695e-14 	 2.076684e-15
1 	 441 	 Ex 	 2 	 1.168064e-14 	 1.962456e-15
1 	 442 	 Ex 	 2 	 1.146745e-14 	 1.872342e-15
1 	 443 	 Ex 	 2 	 1.116700e-14 	 1.802720e-15
1 	 444 	 Ex 	 2 	 1.078812e-14 	 1.759686e-15
1 	 445 	 Ex 	 2 	 1.033837e-14 	 1.738844e-15
1 	 446 	 Ex 	 2 	 9.998056e-15 	 1.774684e-15
1 	 447 	 Ex 	 2 	 9.157239e-15 	 1.801292e-15
1 	 448 	 Ex 	 2 	 8.398488e-15 	 1.867702e-15
1 	 449 	 Ex 	 2 	 7.716379e-15 	 1.921905e-15
1 	 450 	 Ex 	 2 	 6.822451e-15 	 1.931706e-15
1 	 451 	 Ex 	 2 	 6.192401e-15 	 1.966068e-15
1 	 452 	 Ex 	 2 	 5.418478e-15 	 1.924105e-15
1 	 453 	 Ex 	 2 	 4.662415e-15 	 1.835137e-15
1 	 454 	 Ex 	 2 	 3.991396e-15 	 1.719763e-15
1 	 455 	 Ex 	 2 	 3.363156e-15 	 1.556781e-15
1 	 456 	 Ex 	 2 	 2.810905e-15 	 1.380099e-15
1 	 457 	 Ex 	 2 	 2.328795e-15 	 1.195959e-15
1 	 458 	 Ex 	 2 	 1.892514e-15 	 9.808981e-16
1 	 459 	 Ex 	 2 	 1.503870e-15 	 7.502972e-16
1 	 460 	 Ex 	 2 	 1.170914e-15 	 5.151289e-16
1 	 461 	 Ex 	 2 	 9.300013e-16 	 3.104095e-16
1 	 462 	 Ex 	 2 	 7.113441e-16 	 1.039843e-16
1 	 463 	 Ex 	 2 	 5.462968e-16 	 -8.641351e-17
1 	 464 	 Ex 	 2 	 4.282891e-16 	 -2.477890e-16
1 	 465 	 Ex 	 2 	 3.294546e-16 	 -3.918299e-16
1 	 466 	 Ex 	 2 	 2.864096e-16 	 -5.243709e-16
1 	 467 	 Ex 	 2 	 2.687283e-16 	 -6.119050e-16
1 	 468 	 Ex 	 2 	 2.812777e-16 	 -6.637509e-16
1 	 469 	 Ex 	 2 	 3.221886e-16 	 -6.769569e-16
1 	 470 	 Ex 	 2 	 3.871654e-16 	 -6.492502e-16
1 	 471 	 Ex 	 2 	 4.663736e-16 	 -5.849050e-16
1 	 472 	 Ex 	 2 	 5.374227e-16 	 -4.853473e-16
1 	 473 	 Ex 	 2 	 6.248293e-16 	 -3.916736e-16
1 	 474 	 Ex 	 2 	 6.738220e-16 	 -2.802950e-16
1 	 475 	 Ex 	 2 	 7.099587e-16 	 -1.709640e-16
1 	 476 	 Ex 	 2 	 7.201338e-16 	 -7.553535e-17
1 	 477 	 Ex 	 2 	 7.038820e-16 	 8.076770e-18
1 	 478 	 Ex 	 2 	 6.769895e-16 	 7.465535e-17
1 	 479 	 Ex 	 2 	 6.257939e-16 	 1.217041e-16
1 	 480 	 Ex 	 2 	 5.797692e-16 	 1.571376e-16
1 	 481 	 Ex 	 2 	 5.202033e-16 	 1.763949e-16
1 	 482 	 Ex 	 2 	 4.574651e-16 	 1.841683e-16
1 	 483 	 Ex 	 2 	 3.968526e-16 	 1.830044e-16
1 	 484 	 Ex 	 2 	 3.369869e-16 	 1.750430e-16
1 	 485 	 Ex 	 2 	 2.784721e-16 	 1.611097e-16
1 	 486 	 Ex 	 2 	 2.275546e-16 	 1.466222e-16
1 	 487 	 Ex 	 2 	 1.764241e-16 	 1.277877e-16
1 	 488 	 Ex 	 2 	 1.309046e-16 	 1.090243e-16
1 	 489 	 Ex 	 2 	 9.412479e-17 	 9.361664e-17
1 	 490 	 Ex 	 2 	 5.600560e-17 	 7.533414e-17
1 	 491 	 Ex 	 2 	 2.315350e-17 	 5.846673e-17
1 	 492 	 Ex 	 2 	 -4.918001e-18 	 4.332520e-17
1 	 493 	 Ex 	 2 	 -2.913871e-17 	 2.954389e-17
1 	 494 	 Ex 	 2 	 -4.995415e-17 	 1.709468e-17
1 	 495 	 Ex 	 2 	 -6.776972e-17 	 5.908097e-18
1 	 496 	 Ex 	 2 	 -8.298608e-17 	 -4.056457e-18
1 	 497 	 Ex 	 2 	 -9.592667e-17 	 -1.288813e-17
1 	 498 	 Ex 	 2 	 -1.069171e-16 	 -2.066132e-17
1 	 499 	 Ex 	 2 	 -1.162390e-16 	 -2.744874e-17
1 	 500 	 Ex 	 2 	 -1.241482e-16 	 -3.332851e-17
1 	 501 	 Ex 	 2 	 -1.308642e-16 	 -3.836744e-17
1 	 502 	 Ex 	 2 	 -1.365828e-16 	 -4.263505e-17
1 	 503 	 Ex 	 2 	 -1.414886e-16 	 -4.620127e-17
1 	 504 	 Ex 	 2 	 -1.456977e-16 	 -4.910563e-17
1 	 505 	 Ex 	 2 	 -1.493557e-16 	 -5.143477e-17
1 	 1 	 Ex 	 3 	 5.627685e-15 	 -2.247340e-15
1 	 2 	 Ex 	 3 	 7.240121e-15 	 -3.692597e-15
1 	 3 	 Ex 	 3 	 9.006806e-15 	 -5.903260e-15
1 	 4 	 Ex 	 3 	 1.077775e-14 	 -9.122193e-15
1 	 5 	 Ex 	 3 	 1.233149e-14 	 -1.366580e-14
1 	 6 	 Ex 	 3 	 1.326273e-14 	 -1.983828e-14
1 	 7 	 Ex 	 3 	 1.297061e-14 	 -2.794529e-14
1 	 8 	 Ex 	 3 	 1.063923e-14 	 -3.833316e-14
1 	 9 	 Ex 	 3 	 5.085845e-15 	 -5.103913e-14
1 	 10 	 Ex 	 3 	 -5.243913e-15 	 -6.602623e-14
1 	 11 	 Ex 	 3 	 -2.232965e-14 	 -8.283695e-14
1 	 12 	 Ex 	 3 	 -4.862041e-14 	 -1.002779e-13
1 	 13 	 Ex 	 3 	 -8.727296e-14 	 -1.165663e-13
1 	 14 	 Ex 	 3 	 -1.418526e-13 	 -1.284480e-13
1 	 15 	 Ex 	 3 	 -2.172549e-13 	 -1.309906e-13
1 	 16 	 Ex 	 3 	 -3.162881e-13 	 -1.161943e-13
1 	 17 	 Ex 	 3 	 -4.431837e-13 	 -7.322987e-14
1 	 18 	 Ex 	 3 	 -6.119184e-13 	 1.592379e-14
1 	 19 	 Ex 	 3 	 -8.495976e-13 	 2.011327e-13
1 	 20 	 Ex 	 3 	 -1.107992e-12 	 5.016181e-13
1 	 21 	 Ex 	 3 	 -1.408953e-12 	 1.036443e-12
1 	 22 	 Ex 	 3 	 -1.703547e-12 	 1.876165e-12
1 	 23 	 Ex 	 3 	 -1.884924e-12 	 3.310979e-12
1 	 24 	 Ex 	 3 	 -1.883687e-12 	 5.446184e-12
1 	 25 	 Ex 	 3 	 -1.420041e-12 	 9.460040e-12
1 	 26 	 Ex 	 3 	 -1.995396e-15 	 1.790581e-11
1 	 27 	 Ex 	 3 	 5.334824e-11 	 4.372680e-11
1 	 28 	 Ex 	 3 	 -9.857860e-10 	 1.198147e-10
1 	 29 	 Ex 	 3 	 5.468147e-09 	 3.357460e-10
1 	 30 	 Ex 	 3 	 -9.872499e-10 	 3.035959e-09
1 	 31 	 Ex 	 3 	 -1.040473e-08 	 4.697011e-09
1 	 32 	 Ex 	 3 	 -1.133497e-09 	 2.466908e-09
1 	 33 	 Ex 	 3 	 2.807764e-09 	 5.046696e-10
1 	 34 	 Ex 	 3 	 -1.337575e-10 	 1.084300e-10
1 	 35 	 Ex 	 3 	 -1.288970e-11 	 3.899203e-11
1 	 36 	 Ex 	 3 	 -3.479181e-12 	 1.423353e-11
1 	 37 	 Ex 	 3 	 -3.080453e-12 	 6.649778e-12
1 	 38 	 Ex 	 3 	 -2.588136e-12 	 3.432434e-12
1 	 39 	 Ex 	 3 	 -2.108444e-12 	 1.811442e-12
1 	 40 	 Ex 	 3 	 -1.670751e-12 	 9.127332e-13
1 	 41 	 Ex 	 3 	 -1.294981e-12 	 4.159451e-13
1 	 42 	 Ex 	 3 	 -1.011096e-12 	 1.455718e-13
1 	 43 	 Ex 	 3 	 -7.521914e-13 	 -4.530049e-15
1 	 44 	 Ex 	 3 	 -5.612137e-13 	 -7.661137e-14
1 	 45 	 Ex 	 3 	 -4.374442e-13 	 -1.029689e-13
1 	 46 	 Ex 	 3 	 -3.312651e-13 	 -1.089038e-13
1 	 47 	 Ex 	 3 	 -2.662859e-13 	 -1.071193e-13
1 	 48 	 Ex 	 3 	 -2.123579e-13 	 -9.889644e-14
1 	 49 	 Ex 	 3 	 -1.708925e-13 	 -8.957295e-14
1 	 50 	 Ex 	 3 	 -1.398687e-13 	 -8.071971e-14
1 	 51 	 Ex 	 3 	 -1.156430e-13 	 -7.239875e-14
1 	 52 	 Ex 	 3 	 -9.652872e-14 	 -6.521081e-14
1 	 53 	 Ex 	 3 	 -8.088938e-14 	 -5.896821e-14
1 	 54 	 Ex 	 3 	 -6.784550e-14 	 -5.349571e-14
1 	 55 	 Ex 	 3 	 -5.638551e-14 	 -4.838946e-14
1 	 56 	 Ex 	 3 	 -4.646834e-14 	 -4.371080e-14
1 	 57 	 Ex 	 3 	 -3.905209e-14 	 -4.036046e-14
1 	 58 	 Ex 	 3 	 -3.183083e-14 	 -3.656963e-14
1 	 59 	 Ex 	 3 	 -2.580059e-14 	 -3.351001e-14
1 	 60 	 Ex 	 3 	 -2.071344e-14 	 -3.064839e-14
1 	 61 	 Ex 	 3 	 -1.593842e-14 	 -2.742398e-14
1 	 62 	 Ex 	 3 	 -1.281968e-14 	 -2.557017e-14
1 	 63 	 Ex 	 3 	 -9.728176e-15 	 -2.315063e-14
1 	 64 	 Ex 	 3 	 -6.992357e-15 	 -2.073777e-14
1 	 65 	 Ex 	 3 	 -4.559915e-15 	 -1.829195e-14
1 	 66 	 Ex 	 3 	 -2.406659e-15 	 -1.579661e-14
1 	 67 	 Ex 	 3 	 -5.615013e-16 	 -1.327446e-14
1 	 68 	 Ex 	 3 	 8.517323e-16 	 -1.071791e-14
1 	 69 	 Ex 	 3 	 1.865656e-15 	 -8.753829e-15
1 	 70 	 Ex 	 3 	 2.433163e-15 	 -6.798247e-15
1 	 71 	 Ex 	 3 	 2.708360e-15 	 -5.084796e-15
1 	 72 	 Ex 	 3 	 2.678333e-15 	 -3.776331e-15
1 	 73 	 Ex 	 3 	 2.443877e-15 	 -2.657989e-15
1 	 74 	 Ex 	 3 	 2.114205e-15 	 -1.892385e-15
1 	 75 	 Ex 	 3 	 1.708260e-15 	 -1.311872e-15
1 	 76 	 Ex 	 3 	 1.334265e-15 	 -9.590798e-16
1 	 77 	 Ex 	 3 	 9.761053e-16 	 -7.389262e-16
1 	 78 	 Ex 	 3 	 6.611283e-16 	 -6.085726e-16
1 	 79 	 Ex 	 3 	 4.076926e-16 	 -5.600524e-16
1 	 80 	 Ex 	 3 	 2.042757e-16 	 -5.432829e-16
1 	 81 	 Ex 	 3 	 5.103600e-17 	 -5.522404e-16
1 	 82 	 Ex 	 3 	 -6.344448e-17 	 -5.760703e-16
1 	 83 	 Ex 	 3 	 -1.373835e-16 	 -5.879881e-16
1 	 84 	 Ex 	 3 	 -1.902511e-16 	 -6.041106e-16
1 	 85 	 Ex 	 3 	 -2.273912e-16 	 -6.271007e-16
1 	 86 	 Ex 	 3 	 -2.378561e-16 	 -6.216118e-16
1 	 87 	 Ex 	 3 	 -2.354183e-16 	 -6.112791e-16
1 	 88 	 Ex 	 3 	 -2.271828e-16 	 -5.983507e-16
1 	 89 	 Ex 	 3 	 -2.152242e-16 	 -5.813774e-16
1 	 90 	 Ex 	 3 	 -2.013598e-16 	 -5.615643e-16
1 	 91 	 Ex 	 3 	 -1.867825e-16 	 -5.398996e-16
1 	 92 	 Ex 	 3 	 -1.723658e-16 	 -5.171966e-16
1 	 93 	 Ex 	 3 	 -1.586286e-16 	 -4.941176e-16
1 	 94 	 Ex 	 3 	 -1.459198e-16 	 -4.711846e-16
1 	 95 	 Ex 	 3 	 -1.344307e-16 	 -4.487860e-16
1 	 96 	 Ex 	 3 	 -1.242395e-16 	 -4.272129e-16
1 	 97 	 Ex 	 3 	 -1.153464e-16 	 -4.066589e-16
1 	 98 	 Ex 	 3 	 -1.076993e-16 	 -3.872437e-16
1 	 99 	 Ex 	 3 	 -1.012146e-16 	 -3.690313e-16
1 	 100 	 Ex 	 3 	 -9.577187e-17 	 -3.520123e-16
1 	 101 	 Ex 	 3 	 -9.123424e-17 	 -3.361677e-16
1 	 102 	 Ex 	 3 	 2.921966e-15 	 -5.265422e-16
1 	 103 	 Ex 	 3 	 3.855073e-15 	 -9.864163e-16
1 	 104 	 Ex 	 3 	 4.921127e-15 	 -1.754770e-15
1 	 105 	 Ex 	 3 	 6.065954e-15 	 -2.930038e-15
1 	 106 	 Ex 	 3 	 7.222527e-15 	 -4.630185e-15
1 	 107 	 Ex 	 3 	 8.246859e-15 	 -6.961303e-15
1 	 108 	 Ex 	 3 	 8.936482e-15 	 -1.001650e-14
1 	 109 	 Ex 	 3 	 9.062235e-15 	 -1.388766e-14
1 	 110 	 Ex 	 3 	 8.263946e-15 	 -1.852144e-14
1 	 111 	 Ex 	 3 	 6.166746e-15 	 -2.383021e-14
1 	 112 	 Ex 	 3 	 2.370353e-15 	 -2.956011e-14
1 	 113 	 Ex 	 3 	 -3.520243e-15 	 -3.519477e-14
1 	 114 	 Ex 	 3 	 -1.179211e-14 	 -4.012918e-14
1 	 115 	 Ex 	 3 	 -2.248843e-14 	 -4.337170e-14
1 	 116 	 Ex 	 3 	 -3.541728e-14 	 -4.382328e-14
1 	 117 	 Ex 	 3 	 -4.913358e-14 	 -3.955902e-14
1 	 118 	 Ex 	 3 	 -6.188097e-14 	 -2.951408e-14
1 	 119 	 Ex 	 3 	 -7.157097e-14 	 -1.299598e-14
1 	 120 	 Ex 	 3 	 -7.677549e-14 	 1.367755e-14
1 	 121 	 Ex 	 3 	 -6.583318e-14 	 4.820905e-14
1 	 122 	 Ex 	 3 	 -3.652793e-14 	 9.187056e-14
1 	 123 	 Ex 	 3 	 2.756979e-14 	 1.426142e-13
1 	 124 	 Ex 	 3 	 1.289856e-13 	 1.973386e-13
1 	 125 	 Ex 	 3 	 2.899003e-13 	 2.464288e-13
1 	 126 	 Ex 	 3 	 5.187354e-13 	 2.898669e-13
1 	 127 	 Ex 	 3 	 8.062982e-13 	 3.132685e-13
1 	 128 	 Ex 	 3 	 1.172072e-12 	 3.092332e-13
1 	 129 	 Ex 	 3 	 1.547975e-12 	 3.025561e-13
1 	 130 	 Ex 	 3 	 1.868907e-12 	 2.864664e-13
1 	 131 	 Ex 	 3 	 2.147325e-12 	 2.886668e-13
1 	 132 	 Ex 	 3 	 2.226589e-12 	 3.259333e-13
1 	 133 	 Ex 	 3 	 2.170975e-12 	 3.908459e-13
1 	 134 	 Ex 	 3 	 1.931276e-12 	 4.608905e-13
1 	 135 	 Ex 	 3 	 1.583262e-12 	 5.144090e-13
1 	 136 	 Ex 	 3 	 1.241917e-12 	 5.303463e-13
1 	 137 	 Ex 	 3 	 8.463180e-13 	 4.907275e-13
1 	 138 	 Ex 	 3 	 5.380249e-13 	 4.207927e-13
1 	 139 	 Ex 	 3 	 3.088229e-13 	 3.339491e-13
1 	 140 	 Ex 	 3 	 1.499243e-13 	 2.469238e-13
1 	 141 	 Ex 	 3 	 4.721778e-14 	 1.706259e-13
1 	 142 	 Ex 	 3 	 -1.613327e-14 	 1.094177e-13
1 	 143 	 Ex 	 3 	 -5.433396e-14 	 6.330033e-14
1 	 144 	 Ex 	 3 	 -7.224487e-14 	 2.778322e-14
1 	 145 	 Ex 	 3 	 -8.098134e-14 	 2.319123e-15
1 	 146 	 Ex 	 3 	 -8.285434e-14 	 -1.405539e-14
1 	 147 	 Ex 	 3 	 -7.902865e-14 	 -2.512276e-14
1 	 148 	 Ex 	 3 	 -7.524461e-14 	 -3.196775e-14
1 	 149 	 Ex 	 3 	 -6.925850e-14 	 -3.582698e-14
1 	 150 	 Ex 	 3 	 -6.257101e-14 	 -3.764333e-14
1 	 151 	 Ex 	 3 	 -5.616981e-14 	 -3.808418e-14
1 	 152 	 Ex 	 3 	 -5.008858e-14 	 -3.758885e-14
1 	 153 	 Ex 	 3 	 -4.439031e-14 	 -3.649416e-14
1 	 154 	 Ex 	 3 	 -3.895104e-14 	 -3.494159e-14
1 	 155 	 Ex 	 3 	 -3.396027e-14 	 -3.329305e-14
1 	 156 	 Ex 	 3 	 -2.909172e-14 	 -3.132676e-14
1 	 157 	 Ex 	 3 	 -2.456372e-14 	 -2.923361e-14
1 	 158 	 Ex 	 3 	 -2.101808e-14 	 -2.769464e-14
1 	 159 	 Ex 	 3 	 -1.731141e-14 	 -2.559191e-14
1 	 160 	 Ex 	 3 	 -1.410519e-14 	 -2.383893e-14
1 	 161 	 Ex 	 3 	 -1.128978e-14 	 -2.206740e-14
1 	 162 	 Ex 	 3 	 -8.597182e-15 	 -1.996337e-14
1 	 163 	 Ex 	 3 	 -6.789697e-15 	 -1.877962e-14
1 	 164 	 Ex 	 3 	 -4.971928e-15 	 -1.711906e-14
1 	 165 	 Ex 	 3 	 -3.329654e-15 	 -1.540628e-14
1 	 166 	 Ex 	 3 	 -1.845278e-15 	 -1.362188e-14
1 	 167 	 Ex 	 3 	 -5.178912e-16 	 -1.176220e-14
1 	 168 	 Ex 	 3 	 6.184861e-16 	 -9.856087e-15
1 	 169 	 Ex 	 3 	 1.456552e-15 	 -7.916794e-15
1 	 170 	 Ex 	 3 	 2.057546e-15 	 -6.419202e-15
1 	 171 	 Ex 	 3 	 2.332711e-15 	 -4.938329e-15
1 	 172 	 Ex 	 3 	 2.409701e-15 	 -3.648149e-15
1 	 173 	 Ex 	 3 	 2.287504e-15 	 -2.674271e-15
1 	 174 	 Ex 	 3 	 2.025230e-15 	 -1.853212e-15
1 	 175 	 Ex 	 3 	 1.714846e-15 	 -1.302188e-15
1 	 176 	 Ex 	 3 	 1.360345e-15 	 -8.947269e-16
1 	 177 	 Ex 	 3 	 1.044094e-15 	 -6.571658e-16
1 	 178 	 Ex 	 3 	 7.497116e-16 	 -5.189025e-16
1 	 179 	 Ex 	 3 	 4.948796e-16 	 -4.456215e-16
1 	 180 	 Ex 	 3 	 2.927763e-16 	 -4.306160e-16
1 	 181 	 Ex 	 3 	 1.319781e-16 	 -4.357709e-16
1 	 182 	 Ex 	 3 	 1.233297e-17 	 -4.568839e-16
1 	 183 	 Ex 	 3 	 -7.695910e-17 	 -4.866861e-16
1 	 184 	 Ex 	 3 	 -1.333525e-16 	 -5.033452e-16
1 	 185 	 Ex 	 3 	 -1.736266e-16 	 -5.217139e-16
1 	 186 	 Ex 	 3 	 -2.024201e-16 	 -5.446372e-16
1 	 187 	 Ex 	 3 	 -2.091372e-16 	 -5.422670e-16
1 	 188 	 Ex 	 3 	 -2.057170e-16 	 -5.350726e-16
1 	 189 	 Ex 	 3 	 -1.980026e-16 	 -5.252910e-16
1 	 190 	 Ex 	 3 	 -1.875173e-16 	 -5.117851e-16
1 	 191 	 Ex 	 3 	 -1.756621e-16 	 -4.956632e-16
1 	 192 	 Ex 	 3 	 -1.633432e-16 	 -4.778150e-16
1 	 193 	 Ex 	 3 	 -1.512257e-16 	 -4.589646e-16
1 	 194 	 Ex 	 3 	 -1.397089e-16 	 -4.396939e-16
1 	 195 	 Ex 	 3 	 -1.290653e-16 	 -4.204659e-16
1 	 196 	 Ex 	 3 	 -1.194446e-16 	 -4.016256e-16
1 	 197 	 Ex 	 3 	 -1.109047e-16 	 -3.834275e-16
1 	 198 	 Ex 	 3 	 -1.034460e-16 	 -3.660407e-16
1 	 199 	 Ex 	 3 	 -9.702337e-17 	 -3.495699e-16
1 	 200 	 Ex 	 3 	 -9.156449e-17 	 -3.340739e-16
1 	 201 	 Ex 	 3 	 -8.698041e-17 	 -3.195540e-16
1 	 202 	 Ex 	 3 	 -8.316758e-17 	 -3.060025e-16
1 	 203 	 Ex 	 3 	 2.049210e-16 	 4.640482e-16
1 	 204 	 Ex 	 3 	 3.453344e-16 	 5.865176e-16
1 	 205 	 Ex 	 3 	 5.153960e-16 	 6.967335e-16
1 	 206 	 Ex 	 3 	 7.086550e-16 	 7.831272e-16
1 	 207 	 Ex 	 3 	 9.187759e-16 	 8.380456e-16
1 	 208 	 Ex 	 3 	 1.127201e-15 	 8.513095e-16
1 	 209 	 Ex 	 3 	 1.308839e-15 	 8.163096e-16
1 	 210 	 Ex 	 3 	 1.442463e-15 	 7.370918e-16
1 	 211 	 Ex 	 3 	 1.479988e-15 	 6.233355e-16
1 	 212 	 Ex 	 3 	 1.384865e-15 	 4.996602e-16
1 	 213 	 Ex 	 3 	 1.117055e-15 	 4.087745e-16
1 	 214 	 Ex 	 3 	 6.266398e-16 	 4.137042e-16
1 	 215 	 Ex 	 3 	 -1.062173e-16 	 5.895832e-16
1 	 216 	 Ex 	 3 	 -1.105563e-15 	 1.037875e-15
1 	 217 	 Ex 	 3 	 -2.365166e-15 	 1.857658e-15
1 	 218 	 Ex 	 3 	 -3.900435e-15 	 3.229428e-15
1 	 219 	 Ex 	 3 	 -5.578212e-15 	 5.189195e-15
1 	 220 	 Ex 	 3 	 -7.279598e-15 	 7.910475e-15
1 	 221 	 Ex 	 3 	 -9.260553e-15 	 1.191764e-14
1 	 222 	 Ex 	 3 	 -1.086038e-14 	 1.643781e-14
1 	 223 	 Ex 	 3 	 -1.216307e-14 	 2.172303e-14
1 	 224 	 Ex 	 3 	 -1.323824e-14 	 2.829759e-14
1 	 225 	 Ex 	 3 	 -1.374730e-14 	 3.519738e-14
1 	 226 	 Ex 	 3 	 -1.371273e-14 	 4.261046e-14
1 	 227 	 Ex 	 3 	 -1.315708e-14 	 5.068752e-14
1 	 228 	 Ex 	 3 	 -1.205634e-14 	 5.800032e-14
1 	 229 	 Ex 	 3 	 -1.028824e-14 	 6.534943e-14
1 	 230 	 Ex 	 3 	 -8.302240e-15 	 7.199174e-14
1 	 231 	 Ex 	 3 	 -5.969346e-15 	 7.581695e-14
1 	 232 	 Ex 	 3 	 -3.325751e-15 	 8.000398e-14
1 	 233 	 Ex 	 3 	 -8.856155e-16 	 8.080140e-14
1 	 234 	 Ex 	 3 	 1.819458e-15 	 8.113663e-14
1 	 235 	 Ex 	 3 	 3.888271e-15 	 7.867491e-14
1 	 236 	 Ex 	 3 	 5.833367e-15 	 7.489742e-14
1 	 237 	 Ex 	 3 	 7.333323e-15 	 7.133350e-14
1 	 238 	 Ex 	 3 	 7.286625e-15 	 6.358752e-14
1 	 239 	 Ex 	 3 	 6.662489e-15 	 5.625428e-14
1 	 240 	 Ex 	 3 	 5.630513e-15 	 4.886235e-14
1 	 241 	 Ex 	 3 	 4.285016e-15 	 4.157350e-14
1 	 242 	 Ex 	 3 	 2.741423e-15 	 3.464482e-14
1 	 243 	 Ex 	 3 	 1.090943e-15 	 2.815877e-14
1 	 244 	 Ex 	 3 	 -5.728365e-16 	 2.250643e-14
1 	 245 	 Ex 	 3 	 -2.275105e-15 	 1.652475e-14
1 	 246 	 Ex 	 3 	 -3.873006e-15 	 1.124982e-14
1 	 247 	 Ex 	 3 	 -5.058922e-15 	 6.969083e-15
1 	 248 	 Ex 	 3 	 -5.926573e-15 	 3.002657e-15
1 	 249 	 Ex 	 3 	 -6.573335e-15 	 2.629511e-18
1 	 250 	 Ex 	 3 	 -6.896048e-15 	 -2.674557e-15
1 	 251 	 Ex 	 3 	 -6.932952e-15 	 -4.846997e-15
1 	 252 	 Ex 	 3 	 -6.789147e-15 	 -6.518280e-15
1 	 253 	 Ex 	 3 	 -6.504904e-15 	 -7.825966e-15
1 	 254 	 Ex 	 3 	 -6.096922e-15 	 -8.729533e-15
1 	 255 	 Ex 	 3 	 -5.567487e-15 	 -9.254873e-15
1 	 256 	 Ex 	 3 	 -4.987571e-15 	 -9.621660e-15
1 	 257 	 Ex 	 3 	 -4.313404e-15 	 -9.716240e-15
1 	 258 	 Ex 	 3 	 -3.617502e-15 	 -9.627797e-15
1 	 259 	 Ex 	 3 	 -3.017670e-15 	 -9.574832e-15
1 	 260 	 Ex 	 3 	 -2.335530e-15 	 -9.198809e-15
1 	 261 	 Ex 	 3 	 -1.699594e-15 	 -8.863654e-15
1 	 262 	 Ex 	 3 	 -1.108997e-15 	 -8.419705e-15
1 	 263 	 Ex 	 3 	 -5.510727e-16 	 -7.806069e-15
1 	 264 	 Ex 	 3 	 -1.269013e-16 	 -7.493676e-15
1 	 265 	 Ex 	 3 	 2.777618e-16 	 -6.937886e-15
1 	 266 	 Ex 	 3 	 6.493507e-16 	 -6.305644e-15
1 	 267 	 Ex 	 3 	 9.851905e-16 	 -5.594169e-15
1 	 268 	 Ex 	 3 	 1.276704e-15 	 -4.808636e-15
1 	 269 	 Ex 	 3 	 1.504564e-15 	 -3.974208e-15
1 	 270 	 Ex 	 3 	 1.614624e-15 	 -3.120697e-15
1 	 271 	 Ex 	 3 	 1.685849e-15 	 -2.450389e-15
1 	 272 	 Ex 	 3 	 1.619860e-15 	 -1.806298e-15
1 	 273 	 Ex 	 3 	 1.491112e-15 	 -1.256769e-15
1 	 274 	 Ex 	 3 	 1.312337e-15 	 -8.596374e-16
1 	 275 	 Ex 	 3 	 1.090033e-15 	 -5.429428e-16
1 	 276 	 Ex 	 3 	 8.768895e-16 	 -3.480293e-16
1 	 277 	 Ex 	 3 	 6.624179e-16 	 -2.213634e-16
1 	 278 	 Ex 	 3 	 4.827111e-16 	 -1.646436e-16
1 	 279 	 Ex 	 3 	 3.258229e-16 	 -1.497407e-16
1 	 280 	 Ex 	 3 	 1.950704e-16 	 -1.588614e-16
1 	 281 	 Ex 	 3 	 9.527031e-17 	 -1.876358e-16
1 	 282 	 Ex 	 3 	 1.765571e-17 	 -2.195219e-16
1 	 283 	 Ex 	 3 	 -3.802024e-17 	 -2.528959e-16
1 	 284 	 Ex 	 3 	 -7.967213e-17 	 -2.861360e-16
1 	 285 	 Ex 	 3 	 -1.041527e-16 	 -3.072585e-16
1 	 286 	 Ex 	 3 	 -1.218007e-16 	 -3.267961e-16
1 	 287 	 Ex 	 3 	 -1.354559e-16 	 -3.472048e-16
1 	 288 	 Ex 	 3 	 -1.368009e-16 	 -3.507802e-16
1 	 289 	 Ex 	 3 	 -1.332742e-16 	 -3.502827e-16
1 	 290 	 Ex 	 3 	 -1.280836e-16 	 -3.475615e-16
1 	 291 	 Ex 	 3 	 -1.217755e-16 	 -3.420562e-16
1 	 292 	 Ex 	 3 	 -1.149617e-16 	 -3.345551e-16
1 	 293 	 Ex 	 3 	 -1.080214e-16 	 -3.256664e-16
1 	 294 	 Ex 	 3 	 -1.012465e-16 	 -3.158854e-16
1 	 295 	 Ex 	 3 	 -9.481384e-17 	 -3.055987e-16
1 	 296 	 Ex 	 3 	 -8.885004e-17 	 -2.951141e-16
1 	 297 	 Ex 	 3 	 -8.343232e-17 	 -2.846640e-16
1 	 298 	 Ex 	 3 	 -7.859474e-17 	 -2.744214e-16
1 	 299 	 Ex 	 3 	 -7.434570e-17 	 -2.645080e-16
1 	 300 	 Ex 	 3 	 -7.066987e-17 	 -2.550055e-16
1 	 301 	 Ex 	 3 	 -6.753682e-17 	 -2.459667e-16
1 	 302 	 Ex 	 3 	 -6.490781e-17 	 -2.374073e-16
1 	 303 	 Ex 	 3 	 -6.272790e-17 	 -2.293335e-16
1 	 304 	 Ex 	 3 	 -1.429146e-16 	 5.825215e-16
1 	 305 	 Ex 	 3 	 -1.507100e-16 	 6.784124e-16
1 	 306 	 Ex 	 3 	 -1.566028e-16 	 7.815065e-16
1 	 307 	 Ex 	 3 	 -1.605030e-16 	 8.905302e-16
1 	 308 	 Ex 	 3 	 -1.630723e-16 	 1.004792e-15
1 	 309 	 Ex 	 3 	 -1.650669e-16 	 1.122448e-15
1 	 310 	 Ex 	 3 	 -1.677361e-16 	 1.241625e-15
1 	 311 	 Ex 	 3 	 -1.731899e-16 	 1.362067e-15
1 	 312 	 Ex 	 3 	 -1.839366e-16 	 1.481212e-15
1 	 313 	 Ex 	 3 	 -2.028946e-16 	 1.598981e-15
1 	 314 	 Ex 	 3 	 -2.333969e-16 	 1.715891e-15
1 	 315 	 Ex 	 3 	 -2.790383e-16 	 1.831962e-15
1 	 316 	 Ex 	 3 	 -3.421958e-16 	 1.950430e-15
1 	 317 	 Ex 	 3 	 -4.253122e-16 	 2.073805e-15
1 	 318 	 Ex 	 3 	 -5.285281e-16 	 2.206430e-15
1 	 319 	 Ex 	 3 	 -6.544477e-16 	 2.350804e-15
1 	 320 	 Ex 	 3 	 -7.904061e-16 	 2.503377e-15
1 	 321 	 Ex 	 3 	 -9.270261e-16 	 2.695403e-15
1 	 322 	 Ex 	 3 	 -1.079041e-15 	 3.035912e-15
1 	 323 	 Ex 	 3 	 -1.199195e-15 	 3.329299e-15
1 	 324 	 Ex 	 3 	 -1.281624e-15 	 3.666975e-15
1 	 325 	 Ex 	 3 	 -1.344564e-15 	 4.110602e-15
1 	 326 	 Ex 	 3 	 -1.334750e-15 	 4.567193e-15
1 	 327 	 Ex 	 3 	 -1.255489e-15 	 5.057680e-15
1 	 328 	 Ex 	 3 	 -1.093957e-15 	 5.639681e-15
1 	 329 	 Ex 	 3 	 -8.385653e-16 	 6.185172e-15
1 	 330 	 Ex 	 3 	 -4.730303e-16 	 6.772478e-15
1 	 331 	 Ex 	 3 	 -1.902761e-17 	 7.419366e-15
1 	 332 	 Ex 	 3 	 5.129140e-16 	 7.872371e-15
1 	 333 	 Ex 	 3 	 1.138361e-15 	 8.481824e-15
1 	 334 	 Ex 	 3 	 1.753100e-15 	 8.861789e-15
1 	 335 	 Ex 	 3 	 2.462196e-15 	 9.325398e-15
1 	 336 	 Ex 	 3 	 3.055310e-15 	 9.559584e-15
1 	 337 	 Ex 	 3 	 3.640744e-15 	 9.736248e-15
1 	 338 	 Ex 	 3 	 4.199055e-15 	 9.976042e-15
1 	 339 	 Ex 	 3 	 4.388614e-15 	 9.688487e-15
1 	 340 	 Ex 	 3 	 4.473643e-15 	 9.392967e-15
1 	 341 	 Ex 	 3 	 4.453426e-15 	 9.003959e-15
1 	 342 	 Ex 	 3 	 4.333340e-15 	 8.522986e-15
1 	 343 	 Ex 	 3 	 4.121900e-15 	 7.973408e-15
1 	 344 	 Ex 	 3 	 3.838055e-15 	 7.366570e-15
1 	 345 	 Ex 	 3 	 3.554637e-15 	 6.835015e-15
1 	 346 	 Ex 	 3 	 3.021302e-15 	 6.003142e-15
1 	 347 	 Ex 	 3 	 2.507334e-15 	 5.227577e-15
1 	 348 	 Ex 	 3 	 2.073716e-15 	 4.521237e-15
1 	 349 	 Ex 	 3 	 1.595186e-15 	 3.705394e-15
1 	 350 	 Ex 	 3 	 1.250909e-15 	 3.072641e-15
1 	 351 	 Ex 	 3 	 9.241312e-16 	 2.368023e-15
1 	 352 	 Ex 	 3 	 6.658561e-16 	 1.700690e-15
1 	 353 	 Ex 	 3 	 4.826206e-16 	 1.110746e-15
1 	 354 	 Ex 	 3 	 3.628063e-16 	 5.640140e-16
1 	 355 	 Ex 	 3 	 2.924373e-16 	 1.024659e-16
1 	 356 	 Ex 	 3 	 2.615954e-16 	 -2.703124e-16
1 	 357 	 Ex 	 3 	 2.717313e-16 	 -6.049872e-16
1 	 358 	 Ex 	 3 	 3.113257e-16 	 -8.715211e-16
1 	 359 	 Ex 	 3 	 3.707918e-16 	 -1.081091e-15
1 	 360 	 Ex 	 3 	 4.445831e-16 	 -1.247158e-15
1 	 361 	 Ex 	 3 	 5.194717e-16 	 -1.336066e-15
1 	 362 	 Ex 	 3 	 6.035123e-16 	 -1.403213e-15
1 	 363 	 Ex 	 3 	 6.797254e-16 	 -1.417229e-15
1 	 364 	 Ex 	 3 	 7.390026e-16 	 -1.387427e-15
1 	 365 	 Ex 	 3 	 8.121182e-16 	 -1.386103e-15
1 	 366 	 Ex 	 3 	 8.551779e-16 	 -1.316791e-15
1 	 367 	 Ex 	 3 	 8.834496e-16 	 -1.208640e-15
1 	 368 	 Ex 	 3 	 8.945665e-16 	 -1.061866e-15
1 	 369 	 Ex 	 3 	 8.852721e-16 	 -8.800429e-16
1 	 370 	 Ex 	 3 	 8.524760e-16 	 -6.750393e-16
1 	 371 	 Ex 	 3 	 7.842217e-16 	 -4.665546e-16
1 	 372 	 Ex 	 3 	 7.256124e-16 	 -2.939042e-16
1 	 373 	 Ex 	 3 	 6.307374e-16 	 -1.431338e-16
1 	 374 	 Ex 	 3 	 5.286393e-16 	 -2.186870e-17
1 	 375 	 Ex 	 3 	 4.295989e-16 	 5.421457e-17
1 	 376 	 Ex 	 3 	 3.283487e-16 	 1.011587e-16
1 	 377 	 Ex 	 3 	 2.431727e-16 	 1.174533e-16
1 	 378 	 Ex 	 3 	 1.669141e-16 	 1.121651e-16
1 	 379 	 Ex 	 3 	 1.075272e-16 	 9.397354e-17
1 	 380 	 Ex 	 3 	 6.025184e-17 	 6.572123e-17
1 	 381 	 Ex 	 3 	 2.334823e-17 	 3.368744e-17
1 	 382 	 Ex 	 3 	 -2.730464e-18 	 8.436179e-19
1 	 383 	 Ex 	 3 	 -2.202698e-17 	 -2.990829e-17
1 	 384 	 Ex 	 3 	 -3.476490e-17 	 -5.764878e-17
1 	 385 	 Ex 	 3 	 -4.446826e-17 	 -8.267543e-17
1 	 386 	 Ex 	 3 	 -4.935673e-17 	 -1.013538e-16
1 	 387 	 Ex 	 3 	 -5.326927e-17 	 -1.178702e-16
1 	 388 	 Ex 	 3 	 -5.721336e-17 	 -1.331771e-16
1 	 389 	 Ex 	 3 	 -5.726184e-17 	 -1.415448e-16
1 	 390 	 Ex 	 3 	 -5.612938e-17 	 -1.473103e-16
1 	 391 	 Ex 	 3 	 -5.481081e-17 	 -1.514914e-16
1 	 392 	 Ex 	 3 	 -5.330022e-17 	 -1.539943e-16
1 	 393 	 Ex 	 3 	 -5.169232e-17 	 -1.551943e-16
1 	 394 	 Ex 	 3 	 -5.003837e-17 	 -1.553812e-16
1 	 395 	 Ex 	 3 	 -4.838482e-17 	 -1.547998e-16
1 	 396 	 Ex 	 3 	 -4.676621e-17 	 -1.536338e-16
1 	 397 	 Ex 	 3 	 -4.521558e-17 	 -1.520407e-16
1 	 398 	 Ex 	 3 	 -4.376304e-17 	 -1.501429e-16
1 	 399 	 Ex 	 3 	 -4.243087e-17 	 -1.480381e-16
1 	 400 	 Ex 	 3 	 -4.123925e-17 	 -1.458030e-16
1 	 401 	 Ex 	 3 	 -4.020057e-17 	 -1.434966e-16
1 	 402 	 Ex 	 3 	 -3.931787e-17 	 -1.411651e-16
1 	 403 	 Ex 	 3 	 -3.859839e-17 	 -1.388348e-16
1 	 404 	 Ex 	 3 	 -3.802906e-17 	 -1.365303e-16
1 	 405 	 Ex 	 3 	 -1.092801e-16 	 5.969701e-16
1 	 406 	 Ex 	 3 	 -1.188568e-16 	 6.512556e-16
1 	 407 	 Ex 	 3 	 -1.290570e-16 	 7.084659e-16
1 	 408 	 Ex 	 3 	 -1.397750e-16 	 7.685184e-16
1 	 409 	 Ex 	 3 	 -1.509358e-16 	 8.312438e-16
1 	 410 	 Ex 	 3 	 -1.623094e-16 	 8.965106e-16
1 	 411 	 Ex 	 3 	 -1.736117e-16 	 9.641857e-16
1 	 412 	 Ex 	 3 	 -1.846496e-16 	 1.034080e-15
1 	 413 	 Ex 	 3 	 -1.949505e-16 	 1.106085e-15
1 	 414 	 Ex 	 3 	 -2.041767e-16 	 1.180088e-15
1 	 415 	 Ex 	 3 	 -2.119469e-16 	 1.256018e-15
1 	 416 	 Ex 	 3 	 -2.177276e-16 	 1.333878e-15
1 	 417 	 Ex 	 3 	 -2.211410e-16 	 1.413777e-15
1 	 418 	 Ex 	 3 	 -2.216566e-16 	 1.495903e-15
1 	 419 	 Ex 	 3 	 -2.187172e-16 	 1.580593e-15
1 	 420 	 Ex 	 3 	 -2.112781e-16 	 1.668671e-15
1 	 421 	 Ex 	 3 	 -1.965336e-16 	 1.752359e-15
1 	 422 	 Ex 	 3 	 -1.676601e-16 	 1.845641e-15
1 	 423 	 Ex 	 3 	 -1.187894e-16 	 2.019194e-15
1 	 424 	 Ex 	 3 	 -6.215247e-17 	 2.143468e-15
1 	 425 	 Ex 	 3 	 1.178173e-17 	 2.271201e-15
1 	 426 	 Ex 	 3 	 1.056007e-16 	 2.446285e-15
1 	 427 	 Ex 	 3 	 2.187818e-16 	 2.604695e-15
1 	 428 	 Ex 	 3 	 3.517317e-16 	 2.770040e-15
1 	 429 	 Ex 	 3 	 5.169095e-16 	 2.963389e-15
1 	 430 	 Ex 	 3 	 6.936304e-16 	 3.131720e-15
1 	 431 	 Ex 	 3 	 9.024659e-16 	 3.308998e-15
1 	 432 	 Ex 	 3 	 1.135180e-15 	 3.507588e-15
1 	 433 	 Ex 	 3 	 1.349260e-15 	 3.619858e-15
1 	 434 	 Ex 	 3 	 1.610195e-15 	 3.797227e-15
1 	 435 	 Ex 	 3 	 1.825657e-15 	 3.884763e-15
1 	 436 	 Ex 	 3 	 2.079952e-15 	 4.011289e-15
1 	 437 	 Ex 	 3 	 2.266028e-15 	 4.060507e-15
1 	 438 	 Ex 	 3 	 2.449483e-15 	 4.094614e-15
1 	 439 	 Ex 	 3 	 2.640814e-15 	 4.184787e-15
1 	 440 	 Ex 	 3 	 2.649690e-15 	 4.088695e-15
1 	 441 	 Ex 	 3 	 2.639125e-15 	 4.017379e-15
1 	 442 	 Ex 	 3 	 2.597079e-15 	 3.932364e-15
1 	 443 	 Ex 	 3 	 2.522133e-15 	 3.829798e-15
1 	 444 	 Ex 	 3 	 2.415464e-15 	 3.711738e-15
1 	 445 	 Ex 	 3 	 2.279953e-15 	 3.578630e-15
1 	 446 	 Ex 	 3 	 2.150450e-15 	 3.493015e-15
1 	 447 	 Ex 	 3 	 1.876705e-15 	 3.255716e-15
1 	 448 	 Ex 	 3 	 1.610952e-15 	 3.051155e-15
1 	 449 	 Ex 	 3 	 1.375948e-15 	 2.863682e-15
1 	 450 	 Ex 	 3 	 1.101952e-15 	 2.597487e-15
1 	 451 	 Ex 	 3 	 8.982616e-16 	 2.413723e-15
1 	 452 	 Ex 	 3 	 6.890276e-16 	 2.167992e-15
1 	 453 	 Ex 	 3 	 5.075863e-16 	 1.917205e-15
1 	 454 	 Ex 	 3 	 3.654402e-16 	 1.686579e-15
1 	 455 	 Ex 	 3 	 2.584089e-16 	 1.461512e-15
1 	 456 	 Ex 	 3 	 1.790396e-16 	 1.257402e-15
1 	 457 	 Ex 	 3 	 1.218426e-16 	 1.073573e-15
1 	 458 	 Ex 	 3 	 8.962179e-17 	 9.023130e-16
1 	 459 	 Ex 	 3 	 7.557988e-17 	 7.445352e-16
1 	 460 	 Ex 	 3 	 7.779921e-17 	 6.052596e-16
1 	 461 	 Ex 	 3 	 9.039941e-17 	 5.033012e-16
1 	 462 	 Ex 	 3 	 1.069586e-16 	 4.054502e-16
1 	 463 	 Ex 	 3 	 1.287623e-16 	 3.294454e-16
1 	 464 	 Ex 	 3 	 1.497665e-16 	 2.712332e-16
1 	 465 	 Ex 	 3 	 1.688169e-16 	 2.186240e-16
1 	 466 	 Ex 	 3 	 1.932662e-16 	 1.910231e-16
1 	 467 	 Ex 	 3 	 2.067304e-16 	 1.713855e-16
1 	 468 	 Ex 	 3 	 2.122220e-16 	 1.631684e-16
1 	 469 	 Ex 	 3 	 2.086502e-16 	 1.656766e-16
1 	 470 	 Ex 	 3 	 1.953129e-16 	 1.774619e-16
1 	 471 	 Ex 	 3 	 1.731425e-16 	 1.948181e-16
1 	 472 	 Ex 	 3 	 1.430268e-16 	 2.102955e-16
1 	 473 	 Ex 	 3 	 1.167541e-16 	 2.320077e-16
1 	 474 	 Ex 	 3 	 8.604865e-17 	 2.406864e-16
1 	 475 	 Ex 	 3 	 5.721241e-17 	 2.446172e-16
1 	 476 	 Ex 	 3 	 3.354474e-17 	 2.411614e-16
1 	 477 	 Ex 	 3 	 1.371174e-17 	 2.287186e-16
1 	 478 	 Ex 	 3 	 -3.662026e-20 	 2.146755e-16
1 	 479 	 Ex 	 3 	 -8.889282e-18 	 1.935246e-16
1 	 480 	 Ex 	 3 	 -1.342603e-17 	 1.756188e-16
1 	 481 	 Ex 	 3 	 -1.461816e-17 	 1.550670e-16
1 	 482 	 Ex 	 3 	 -1.372623e-17 	 1.341321e-16
1 	 483 	 Ex 	 3 	 -1.142763e-17 	 1.153186e-16
1 	 484 	 Ex 	 3 	 -8.719677e-18 	 9.690337e-17
1 	 485 	 Ex 	 3 	 -6.003392e-18 	 7.983855e-17
1 	 486 	 Ex 	 3 	 -3.738593e-18 	 6.498143e-17
1 	 487 	 Ex 	 3 	 -2.278346e-18 	 5.044364e-17
1 	 488 	 Ex 	 3 	 -1.395170e-18 	 3.757803e-17
1 	 489 	 Ex 	 3 	 -1.192114e-18 	 2.711983e-17
1 	 490 	 Ex 	 3 	 -1.776704e-18 	 1.619408e-17
1 	 491 	 Ex 	 3 	 -2.767354e-18 	 6.668894e-18
1 	 492 	 Ex 	 3 	 -3.984823e-18 	 -1.683148e-18
1 	 493 	 Ex 	 3 	 -5.313745e-18 	 -9.114261e-18
1 	 494 	 Ex 	 3 	 -6.670736e-18 	 -1.572588e-17
1 	 495 	 Ex 	 3 	 -7.992844e-18 	 -2.160692e-17
1 	 496 	 Ex 	 3 	 -9.233858e-18 	 -2.684154e-17
1 	 497 	 Ex 	 3 	 -1.036784e-17 	 -3.149449e-17
1 	 498 	 Ex 	 3 	 -1.138175e-17 	 -3.562793e-17
1 	 499 	 Ex 	 3 	 -1.227703e-17 	 -3.929596e-17
1 	 500 	 Ex 	 3 	 -1.306251e-17 	 -4.254680e-17
1 	 501 	 Ex 	 3 	 -1.375441e-17 	 -4.542481e-17
1 	 502 	 Ex 	 3 	 -1.437068e-17 	 -4.797005e-17
1 	 503 	 Ex 	 3 	 -1.492809e-17 	 -5.022039e-17
1 	 504 	 Ex 	 3 	 -1.544942e-17 	 -5.220515e-17
1 	 505 	 Ex 	 3 	 -1.594348e-17 	 -5.395470e-17
