iTx 	 iRx    chrec  ifreq 	 emf_real 	 emf_imag
1 	 1 	 Ex 	 1 	 -1.204589e-14 	 1.464443e-15
1 	 2 	 Ex 	 1 	 -1.357894e-14 	 1.742926e-15
1 	 3 	 Ex 	 1 	 -1.530554e-14 	 2.147251e-15
1 	 4 	 Ex 	 1 	 -1.722548e-14 	 2.712323e-15
1 	 5 	 Ex 	 1 	 -1.938154e-14 	 3.468544e-15
1 	 6 	 Ex 	 1 	 -2.176901e-14 	 4.459227e-15
1 	 7 	 Ex 	 1 	 -2.438226e-14 	 5.734791e-15
1 	 8 	 Ex 	 1 	 -2.728614e-14 	 7.348594e-15
1 	 9 	 Ex 	 1 	 -3.042063e-14 	 9.356624e-15
1 	 10 	 Ex 	 1 	 -3.381371e-14 	 1.182873e-14
1 	 11 	 Ex 	 1 	 -3.748018e-14 	 1.483552e-14
1 	 12 	 Ex 	 1 	 -4.136311e-14 	 1.843855e-14
1 	 13 	 Ex 	 1 	 -4.551352e-14 	 2.274643e-14
1 	 14 	 Ex 	 1 	 -4.988607e-14 	 2.782640e-14
1 	 15 	 Ex 	 1 	 -5.450192e-14 	 3.381081e-14
1 	 16 	 Ex 	 1 	 -5.911163e-14 	 4.052660e-14
1 	 17 	 Ex 	 1 	 -6.357953e-14 	 4.800236e-14
1 	 18 	 Ex 	 1 	 -6.856480e-14 	 5.703518e-14
1 	 19 	 Ex 	 1 	 -7.592812e-14 	 6.973142e-14
1 	 20 	 Ex 	 1 	 -8.147763e-14 	 8.193825e-14
1 	 21 	 Ex 	 1 	 -8.748843e-14 	 9.704669e-14
1 	 22 	 Ex 	 1 	 -9.490224e-14 	 1.146180e-13
1 	 23 	 Ex 	 1 	 -1.023680e-13 	 1.361956e-13
1 	 24 	 Ex 	 1 	 -1.101930e-13 	 1.589854e-13
1 	 25 	 Ex 	 1 	 -1.200204e-13 	 1.898216e-13
1 	 26 	 Ex 	 1 	 -1.299279e-13 	 2.238592e-13
1 	 27 	 Ex 	 1 	 -1.422634e-13 	 2.652563e-13
1 	 28 	 Ex 	 1 	 -1.563561e-13 	 3.199133e-13
1 	 29 	 Ex 	 1 	 -1.702696e-13 	 3.765063e-13
1 	 30 	 Ex 	 1 	 -1.904112e-13 	 4.594681e-13
1 	 31 	 Ex 	 1 	 -2.105085e-13 	 5.494519e-13
1 	 32 	 Ex 	 1 	 -2.392855e-13 	 6.779911e-13
1 	 33 	 Ex 	 1 	 -2.696592e-13 	 8.220227e-13
1 	 34 	 Ex 	 1 	 -3.059272e-13 	 1.024125e-12
1 	 35 	 Ex 	 1 	 -3.558308e-13 	 1.292340e-12
1 	 36 	 Ex 	 1 	 -3.972486e-13 	 1.601149e-12
1 	 37 	 Ex 	 1 	 -4.352901e-13 	 2.029082e-12
1 	 38 	 Ex 	 1 	 -4.483891e-13 	 2.612803e-12
1 	 39 	 Ex 	 1 	 -3.993152e-13 	 3.416044e-12
1 	 40 	 Ex 	 1 	 -2.151539e-13 	 4.536322e-12
1 	 41 	 Ex 	 1 	 2.267088e-13 	 6.105168e-12
1 	 42 	 Ex 	 1 	 1.191683e-12 	 8.514605e-12
1 	 43 	 Ex 	 1 	 2.980749e-12 	 1.149152e-11
1 	 44 	 Ex 	 1 	 6.833349e-12 	 1.634852e-11
1 	 45 	 Ex 	 1 	 1.454613e-11 	 2.364283e-11
1 	 46 	 Ex 	 1 	 3.201762e-11 	 3.534427e-11
1 	 47 	 Ex 	 1 	 8.793431e-11 	 5.766440e-11
1 	 48 	 Ex 	 1 	 -4.259632e-10 	 1.012703e-10
1 	 49 	 Ex 	 1 	 4.752907e-09 	 1.997097e-10
1 	 50 	 Ex 	 1 	 -2.210564e-10 	 7.409993e-10
1 	 51 	 Ex 	 1 	 -8.052387e-09 	 1.004668e-09
1 	 52 	 Ex 	 1 	 -3.892565e-10 	 5.969226e-10
1 	 53 	 Ex 	 1 	 2.761743e-09 	 2.368923e-10
1 	 54 	 Ex 	 1 	 1.460121e-10 	 1.030474e-10
1 	 55 	 Ex 	 1 	 6.367053e-11 	 5.593458e-11
1 	 56 	 Ex 	 1 	 3.101123e-11 	 3.284415e-11
1 	 57 	 Ex 	 1 	 1.466886e-11 	 2.088560e-11
1 	 58 	 Ex 	 1 	 7.218747e-12 	 1.354532e-11
1 	 59 	 Ex 	 1 	 3.560268e-12 	 9.040535e-12
1 	 60 	 Ex 	 1 	 1.909570e-12 	 6.323944e-12
1 	 61 	 Ex 	 1 	 9.844000e-13 	 4.339443e-12
1 	 62 	 Ex 	 1 	 6.065751e-13 	 3.255474e-12
1 	 63 	 Ex 	 1 	 3.840459e-13 	 2.434111e-12
1 	 64 	 Ex 	 1 	 2.688013e-13 	 1.864148e-12
1 	 65 	 Ex 	 1 	 2.029464e-13 	 1.460950e-12
1 	 66 	 Ex 	 1 	 1.563888e-13 	 1.169304e-12
1 	 67 	 Ex 	 1 	 1.163586e-13 	 9.516953e-13
1 	 68 	 Ex 	 1 	 7.638371e-14 	 7.755831e-13
1 	 69 	 Ex 	 1 	 4.279632e-14 	 6.678479e-13
1 	 70 	 Ex 	 1 	 1.045578e-14 	 5.675282e-13
1 	 71 	 Ex 	 1 	 -1.887246e-14 	 4.851161e-13
1 	 72 	 Ex 	 1 	 -4.274136e-14 	 4.205570e-13
1 	 73 	 Ex 	 1 	 -6.118631e-14 	 3.596282e-13
1 	 74 	 Ex 	 1 	 -7.602564e-14 	 3.120460e-13
1 	 75 	 Ex 	 1 	 -8.443277e-14 	 2.658053e-13
1 	 76 	 Ex 	 1 	 -9.191459e-14 	 2.313651e-13
1 	 77 	 Ex 	 1 	 -9.498445e-14 	 1.980577e-13
1 	 78 	 Ex 	 1 	 -9.539674e-14 	 1.690172e-13
1 	 79 	 Ex 	 1 	 -9.414770e-14 	 1.438714e-13
1 	 80 	 Ex 	 1 	 -9.131563e-14 	 1.225235e-13
1 	 81 	 Ex 	 1 	 -8.672826e-14 	 1.027964e-13
1 	 82 	 Ex 	 1 	 -8.289491e-14 	 8.773846e-14
1 	 83 	 Ex 	 1 	 -7.670995e-14 	 7.297039e-14
1 	 84 	 Ex 	 1 	 -7.087117e-14 	 6.062213e-14
1 	 85 	 Ex 	 1 	 -6.698891e-14 	 5.206910e-14
1 	 86 	 Ex 	 1 	 -6.070977e-14 	 4.277673e-14
1 	 87 	 Ex 	 1 	 -5.475680e-14 	 3.500995e-14
1 	 88 	 Ex 	 1 	 -4.945822e-14 	 2.879005e-14
1 	 89 	 Ex 	 1 	 -4.455700e-14 	 2.367730e-14
1 	 90 	 Ex 	 1 	 -4.004144e-14 	 1.947637e-14
1 	 91 	 Ex 	 1 	 -3.587764e-14 	 1.602175e-14
1 	 92 	 Ex 	 1 	 -3.208639e-14 	 1.320060e-14
1 	 93 	 Ex 	 1 	 -2.862335e-14 	 1.090254e-14
1 	 94 	 Ex 	 1 	 -2.548341e-14 	 9.041962e-15
1 	 95 	 Ex 	 1 	 -2.264580e-14 	 7.546930e-15
1 	 96 	 Ex 	 1 	 -2.009113e-14 	 6.354510e-15
1 	 97 	 Ex 	 1 	 -1.779316e-14 	 5.415393e-15
1 	 98 	 Ex 	 1 	 -1.572975e-14 	 4.684750e-15
1 	 99 	 Ex 	 1 	 -1.389495e-14 	 4.122884e-15
1 	 100 	 Ex 	 1 	 -1.224001e-14 	 3.712152e-15
1 	 101 	 Ex 	 1 	 -1.077501e-14 	 3.412440e-15
1 	 1 	 Ex 	 2 	 -8.708015e-16 	 -8.631313e-16
1 	 2 	 Ex 	 2 	 -8.061838e-16 	 -9.382932e-16
1 	 3 	 Ex 	 2 	 -7.170976e-16 	 -1.046474e-15
1 	 4 	 Ex 	 2 	 -6.042544e-16 	 -1.199611e-15
1 	 5 	 Ex 	 2 	 -4.665975e-16 	 -1.411544e-15
1 	 6 	 Ex 	 2 	 -3.102981e-16 	 -1.699321e-15
1 	 7 	 Ex 	 2 	 -1.454547e-16 	 -2.082745e-15
1 	 8 	 Ex 	 2 	 1.955424e-17 	 -2.584777e-15
1 	 9 	 Ex 	 2 	 1.572731e-16 	 -3.226929e-15
1 	 10 	 Ex 	 2 	 2.415161e-16 	 -4.035118e-15
1 	 11 	 Ex 	 2 	 2.355972e-16 	 -5.032895e-15
1 	 12 	 Ex 	 2 	 8.526238e-17 	 -6.236275e-15
1 	 13 	 Ex 	 2 	 -2.644277e-16 	 -7.667511e-15
1 	 14 	 Ex 	 2 	 -8.883970e-16 	 -9.329109e-15
1 	 15 	 Ex 	 2 	 -1.873105e-15 	 -1.123130e-14
1 	 16 	 Ex 	 2 	 -3.314729e-15 	 -1.328640e-14
1 	 17 	 Ex 	 2 	 -5.271298e-15 	 -1.542058e-14
1 	 18 	 Ex 	 2 	 -7.924997e-15 	 -1.775490e-14
1 	 19 	 Ex 	 2 	 -1.197411e-14 	 -2.071947e-14
1 	 20 	 Ex 	 2 	 -1.661621e-14 	 -2.304632e-14
1 	 21 	 Ex 	 2 	 -2.270469e-14 	 -2.530427e-14
1 	 22 	 Ex 	 2 	 -3.026753e-14 	 -2.725150e-14
1 	 23 	 Ex 	 2 	 -3.982487e-14 	 -2.863038e-14
1 	 24 	 Ex 	 2 	 -5.059676e-14 	 -2.872090e-14
1 	 25 	 Ex 	 2 	 -6.482496e-14 	 -2.778701e-14
1 	 26 	 Ex 	 2 	 -8.066916e-14 	 -2.493852e-14
1 	 27 	 Ex 	 2 	 -9.956287e-14 	 -1.939108e-14
1 	 28 	 Ex 	 2 	 -1.234316e-13 	 -1.092386e-14
1 	 29 	 Ex 	 2 	 -1.472472e-13 	 1.401282e-15
1 	 30 	 Ex 	 2 	 -1.799011e-13 	 1.941192e-14
1 	 31 	 Ex 	 2 	 -2.129190e-13 	 4.159710e-14
1 	 32 	 Ex 	 2 	 -2.565306e-13 	 7.361442e-14
1 	 33 	 Ex 	 2 	 -3.012537e-13 	 1.099839e-13
1 	 34 	 Ex 	 2 	 -3.596399e-13 	 1.610605e-13
1 	 35 	 Ex 	 2 	 -4.301661e-13 	 2.245821e-13
1 	 36 	 Ex 	 2 	 -5.015944e-13 	 2.965290e-13
1 	 37 	 Ex 	 2 	 -5.934815e-13 	 3.937594e-13
1 	 38 	 Ex 	 2 	 -7.060002e-13 	 5.295026e-13
1 	 39 	 Ex 	 2 	 -8.434206e-13 	 7.257585e-13
1 	 40 	 Ex 	 2 	 -1.011552e-12 	 1.026142e-12
1 	 41 	 Ex 	 2 	 -1.210136e-12 	 1.497481e-12
1 	 42 	 Ex 	 2 	 -1.456989e-12 	 2.309665e-12
1 	 43 	 Ex 	 2 	 -1.678276e-12 	 3.538670e-12
1 	 44 	 Ex 	 2 	 -1.802138e-12 	 6.054990e-12
1 	 45 	 Ex 	 2 	 -1.385519e-12 	 1.111802e-11
1 	 46 	 Ex 	 2 	 2.024309e-12 	 2.268598e-11
1 	 47 	 Ex 	 2 	 2.883230e-11 	 5.321841e-11
1 	 48 	 Ex 	 2 	 -5.433810e-10 	 1.334490e-10
1 	 49 	 Ex 	 2 	 4.519136e-09 	 3.623177e-10
1 	 50 	 Ex 	 2 	 -6.682560e-10 	 1.915267e-09
1 	 51 	 Ex 	 2 	 -8.617503e-09 	 2.673663e-09
1 	 52 	 Ex 	 2 	 -8.172304e-10 	 1.483420e-09
1 	 53 	 Ex 	 2 	 2.528059e-09 	 4.725157e-10
1 	 54 	 Ex 	 2 	 2.781955e-11 	 1.391386e-10
1 	 55 	 Ex 	 2 	 5.613109e-12 	 5.219209e-11
1 	 56 	 Ex 	 2 	 3.261185e-12 	 2.200133e-11
1 	 57 	 Ex 	 2 	 1.137276e-12 	 1.092611e-11
1 	 58 	 Ex 	 2 	 7.131602e-13 	 6.337374e-12
1 	 59 	 Ex 	 2 	 4.076916e-13 	 4.149061e-12
1 	 60 	 Ex 	 2 	 1.827575e-13 	 3.054480e-12
1 	 61 	 Ex 	 2 	 -7.781624e-15 	 2.256901e-12
1 	 62 	 Ex 	 2 	 -1.315529e-13 	 1.826696e-12
1 	 63 	 Ex 	 2 	 -2.181073e-13 	 1.445085e-12
1 	 64 	 Ex 	 2 	 -2.660417e-13 	 1.149099e-12
1 	 65 	 Ex 	 2 	 -2.888440e-13 	 9.119877e-13
1 	 66 	 Ex 	 2 	 -2.957570e-13 	 7.161932e-13
1 	 67 	 Ex 	 2 	 -2.917512e-13 	 5.511393e-13
1 	 68 	 Ex 	 2 	 -2.750695e-13 	 4.085289e-13
1 	 69 	 Ex 	 2 	 -2.634652e-13 	 3.054900e-13
1 	 70 	 Ex 	 2 	 -2.402570e-13 	 2.154886e-13
1 	 71 	 Ex 	 2 	 -2.149585e-13 	 1.411650e-13
1 	 72 	 Ex 	 2 	 -1.890164e-13 	 8.757990e-14
1 	 73 	 Ex 	 2 	 -1.602993e-13 	 4.443768e-14
1 	 74 	 Ex 	 2 	 -1.348735e-13 	 1.529188e-14
1 	 75 	 Ex 	 2 	 -1.092921e-13 	 -5.041536e-15
1 	 76 	 Ex 	 2 	 -8.883332e-14 	 -1.802595e-14
1 	 77 	 Ex 	 2 	 -7.008861e-14 	 -2.510153e-14
1 	 78 	 Ex 	 2 	 -5.410452e-14 	 -2.852383e-14
1 	 79 	 Ex 	 2 	 -4.133584e-14 	 -2.893463e-14
1 	 80 	 Ex 	 2 	 -3.101511e-14 	 -2.780541e-14
1 	 81 	 Ex 	 2 	 -2.280499e-14 	 -2.526168e-14
1 	 82 	 Ex 	 2 	 -1.679854e-14 	 -2.268874e-14
1 	 83 	 Ex 	 2 	 -1.201894e-14 	 -1.945164e-14
1 	 84 	 Ex 	 2 	 -8.549126e-15 	 -1.637509e-14
1 	 85 	 Ex 	 2 	 -6.349044e-15 	 -1.402153e-14
1 	 86 	 Ex 	 2 	 -4.495158e-15 	 -1.139339e-14
1 	 87 	 Ex 	 2 	 -3.261569e-15 	 -9.145829e-15
1 	 88 	 Ex 	 2 	 -2.489821e-15 	 -7.318426e-15
1 	 89 	 Ex 	 2 	 -2.020140e-15 	 -5.817382e-15
1 	 90 	 Ex 	 2 	 -1.758109e-15 	 -4.600356e-15
1 	 91 	 Ex 	 2 	 -1.635852e-15 	 -3.623973e-15
1 	 92 	 Ex 	 2 	 -1.599131e-15 	 -2.853660e-15
1 	 93 	 Ex 	 2 	 -1.615013e-15 	 -2.252871e-15
1 	 94 	 Ex 	 2 	 -1.656999e-15 	 -1.791106e-15
1 	 95 	 Ex 	 2 	 -1.708203e-15 	 -1.441891e-15
1 	 96 	 Ex 	 2 	 -1.757537e-15 	 -1.181816e-15
1 	 97 	 Ex 	 2 	 -1.798630e-15 	 -9.919790e-16
1 	 98 	 Ex 	 2 	 -1.827909e-15 	 -8.563457e-16
1 	 99 	 Ex 	 2 	 -1.842456e-15 	 -7.614228e-16
1 	 100 	 Ex 	 2 	 -1.843956e-15 	 -6.980478e-16
1 	 101 	 Ex 	 2 	 -1.831347e-15 	 -6.561433e-16
1 	 1 	 Ex 	 3 	 8.698998e-17 	 -5.368848e-16
1 	 2 	 Ex 	 3 	 7.975319e-17 	 -5.530045e-16
1 	 3 	 Ex 	 3 	 7.381652e-17 	 -5.626663e-16
1 	 4 	 Ex 	 3 	 7.165167e-17 	 -5.640573e-16
1 	 5 	 Ex 	 3 	 7.646790e-17 	 -5.550119e-16
1 	 6 	 Ex 	 3 	 9.332176e-17 	 -5.342968e-16
1 	 7 	 Ex 	 3 	 1.289239e-16 	 -5.015235e-16
1 	 8 	 Ex 	 3 	 1.914107e-16 	 -4.567426e-16
1 	 9 	 Ex 	 3 	 2.912557e-16 	 -4.045808e-16
1 	 10 	 Ex 	 3 	 4.405604e-16 	 -3.512437e-16
1 	 11 	 Ex 	 3 	 6.523405e-16 	 -3.078245e-16
1 	 12 	 Ex 	 3 	 9.394261e-16 	 -2.927346e-16
1 	 13 	 Ex 	 3 	 1.315100e-15 	 -3.284711e-16
1 	 14 	 Ex 	 3 	 1.787598e-15 	 -4.475324e-16
1 	 15 	 Ex 	 3 	 2.364748e-15 	 -6.900741e-16
1 	 16 	 Ex 	 3 	 3.024399e-15 	 -1.107195e-15
1 	 17 	 Ex 	 3 	 3.740935e-15 	 -1.738248e-15
1 	 18 	 Ex 	 3 	 4.526025e-15 	 -2.669530e-15
1 	 19 	 Ex 	 3 	 5.459113e-15 	 -4.192520e-15
1 	 20 	 Ex 	 3 	 6.176061e-15 	 -6.039722e-15
1 	 21 	 Ex 	 3 	 6.746462e-15 	 -8.560624e-15
1 	 22 	 Ex 	 3 	 6.987792e-15 	 -1.179746e-14
1 	 23 	 Ex 	 3 	 6.704256e-15 	 -1.596339e-14
1 	 24 	 Ex 	 3 	 5.544430e-15 	 -2.074736e-14
1 	 25 	 Ex 	 3 	 3.201211e-15 	 -2.701404e-14
1 	 26 	 Ex 	 3 	 -6.065039e-16 	 -3.392716e-14
1 	 27 	 Ex 	 3 	 -6.750073e-15 	 -4.192379e-14
1 	 28 	 Ex 	 3 	 -1.572411e-14 	 -5.156689e-14
1 	 29 	 Ex 	 3 	 -2.744328e-14 	 -6.054529e-14
1 	 30 	 Ex 	 3 	 -4.469873e-14 	 -7.189243e-14
1 	 31 	 Ex 	 3 	 -6.511975e-14 	 -8.219215e-14
1 	 32 	 Ex 	 3 	 -9.442152e-14 	 -9.414836e-14
1 	 33 	 Ex 	 3 	 -1.274479e-13 	 -1.049212e-13
1 	 34 	 Ex 	 3 	 -1.734828e-13 	 -1.167981e-13
1 	 35 	 Ex 	 3 	 -2.321595e-13 	 -1.288888e-13
1 	 36 	 Ex 	 3 	 -2.991305e-13 	 -1.367367e-13
1 	 37 	 Ex 	 3 	 -3.907160e-13 	 -1.406092e-13
1 	 38 	 Ex 	 3 	 -5.171201e-13 	 -1.290040e-13
1 	 39 	 Ex 	 3 	 -6.924623e-13 	 -8.217465e-14
1 	 40 	 Ex 	 3 	 -9.364939e-13 	 3.858138e-14
1 	 41 	 Ex 	 3 	 -1.260397e-12 	 3.027369e-13
1 	 42 	 Ex 	 3 	 -1.678198e-12 	 8.549858e-13
1 	 43 	 Ex 	 3 	 -2.072840e-12 	 1.754929e-12
1 	 44 	 Ex 	 3 	 -2.448836e-12 	 3.521508e-12
1 	 45 	 Ex 	 3 	 -2.794421e-12 	 6.743426e-12
1 	 46 	 Ex 	 3 	 -2.788972e-12 	 1.398569e-11
1 	 47 	 Ex 	 3 	 9.749417e-12 	 3.650476e-11
1 	 48 	 Ex 	 3 	 -6.106550e-10 	 1.111590e-10
1 	 49 	 Ex 	 3 	 4.310551e-09 	 3.869119e-10
1 	 50 	 Ex 	 3 	 -1.212900e-09 	 2.835284e-09
1 	 51 	 Ex 	 3 	 -9.357320e-09 	 4.029244e-09
1 	 52 	 Ex 	 3 	 -1.321068e-09 	 2.120237e-09
1 	 53 	 Ex 	 3 	 2.323943e-09 	 5.708026e-10
1 	 54 	 Ex 	 3 	 -3.849583e-11 	 1.200891e-10
1 	 55 	 Ex 	 3 	 -1.301517e-11 	 3.573994e-11
1 	 56 	 Ex 	 3 	 -1.772956e-12 	 1.470688e-11
1 	 57 	 Ex 	 3 	 -1.102427e-12 	 8.149805e-12
1 	 58 	 Ex 	 3 	 -1.215959e-12 	 5.237263e-12
1 	 59 	 Ex 	 3 	 -1.384751e-12 	 3.363357e-12
1 	 60 	 Ex 	 3 	 -1.366531e-12 	 2.213207e-12
1 	 61 	 Ex 	 3 	 -1.200976e-12 	 1.378458e-12
1 	 62 	 Ex 	 3 	 -1.057264e-12 	 9.306634e-13
1 	 63 	 Ex 	 3 	 -8.854586e-13 	 6.031349e-13
1 	 64 	 Ex 	 3 	 -7.331096e-13 	 3.878006e-13
1 	 65 	 Ex 	 3 	 -6.015822e-13 	 2.405755e-13
1 	 66 	 Ex 	 3 	 -4.876760e-13 	 1.356310e-13
1 	 67 	 Ex 	 3 	 -3.880901e-13 	 5.908066e-14
1 	 68 	 Ex 	 3 	 -2.984483e-13 	 5.474783e-15
1 	 69 	 Ex 	 3 	 -2.326030e-13 	 -3.021697e-14
1 	 70 	 Ex 	 3 	 -1.723442e-13 	 -5.116713e-14
1 	 71 	 Ex 	 3 	 -1.212594e-13 	 -6.272055e-14
1 	 72 	 Ex 	 3 	 -8.318959e-14 	 -6.489358e-14
1 	 73 	 Ex 	 3 	 -5.157738e-14 	 -6.122669e-14
1 	 74 	 Ex 	 3 	 -2.981059e-14 	 -5.456341e-14
1 	 75 	 Ex 	 3 	 -1.393380e-14 	 -4.557908e-14
1 	 76 	 Ex 	 3 	 -3.814006e-15 	 -3.734559e-14
1 	 77 	 Ex 	 3 	 2.294047e-15 	 -2.923430e-14
1 	 78 	 Ex 	 3 	 5.730202e-15 	 -2.208709e-14
1 	 79 	 Ex 	 3 	 7.022630e-15 	 -1.636516e-14
1 	 80 	 Ex 	 3 	 7.182013e-15 	 -1.179039e-14
1 	 81 	 Ex 	 3 	 6.502921e-15 	 -8.295990e-15
1 	 82 	 Ex 	 3 	 5.596011e-15 	 -5.831910e-15
1 	 83 	 Ex 	 3 	 4.467953e-15 	 -4.010107e-15
1 	 84 	 Ex 	 3 	 3.379256e-15 	 -2.782836e-15
1 	 85 	 Ex 	 3 	 2.516131e-15 	 -2.080003e-15
1 	 86 	 Ex 	 3 	 1.695384e-15 	 -1.548093e-15
1 	 87 	 Ex 	 3 	 1.051202e-15 	 -1.245187e-15
1 	 88 	 Ex 	 3 	 5.729384e-16 	 -1.092960e-15
1 	 89 	 Ex 	 3 	 2.258264e-16 	 -1.025290e-15
1 	 90 	 Ex 	 3 	 -1.517639e-17 	 -1.004742e-15
1 	 91 	 Ex 	 3 	 -1.734543e-16 	 -1.007096e-15
1 	 92 	 Ex 	 3 	 -2.686815e-16 	 -1.015981e-15
1 	 93 	 Ex 	 3 	 -3.178014e-16 	 -1.023056e-15
1 	 94 	 Ex 	 3 	 -3.345349e-16 	 -1.023423e-15
1 	 95 	 Ex 	 3 	 -3.295150e-16 	 -1.015204e-15
1 	 96 	 Ex 	 3 	 -3.110203e-16 	 -9.983733e-16
1 	 97 	 Ex 	 3 	 -2.850159e-16 	 -9.738266e-16
1 	 98 	 Ex 	 3 	 -2.558133e-16 	 -9.429939e-16
1 	 99 	 Ex 	 3 	 -2.265448e-16 	 -9.073405e-16
1 	 100 	 Ex 	 3 	 -1.988359e-16 	 -8.684475e-16
1 	 101 	 Ex 	 3 	 -1.741445e-16 	 -8.276941e-16
