Format:    EMResp_2.3
Phase convention: lag
Reciprocity used: no
# Transmitters: 1                                                 
!                     X                      Y                      Z      Azimuth          Dip       Length    SolveCorr         Type         Name
   0.00000000000000       0.00000000000000       550.000000000000            90.00         0.00   0.0000                0     edipole         Tx001
# CSEM Frequencies: 3                                                 
  0.25000    
  0.75000    
   1.2500    
# CSEM Receivers: 101                                               
!                     X                      Y                      Z        Theta        Alpha         Beta       Length    SolveCorr         Name
   0.00000000000000      -10000.0000000000       650.000000000000             0.00         0.00         0.00   0.0000                0        Rx001
   0.00000000000000      -9800.00000000000       650.171753000000             0.00         0.00         0.00   0.0000                0        Rx002
   0.00000000000000      -9600.00000000000       650.675903000000             0.00         0.00         0.00   0.0000                0        Rx003
   0.00000000000000      -9400.00000000000       651.479004000000             0.00         0.00         0.00   0.0000                0        Rx004
   0.00000000000000      -9200.00000000000       652.526794000000             0.00         0.00         0.00   0.0000                0        Rx005
   0.00000000000000      -9000.00000000000       653.745300000000             0.00         0.00         0.00   0.0000                0        Rx006
   0.00000000000000      -8800.00000000000       655.043518000000             0.00         0.00         0.00   0.0000                0        Rx007
   0.00000000000000      -8600.00000000000       656.315979000000             0.00         0.00         0.00   0.0000                0        Rx008
   0.00000000000000      -8400.00000000000       657.446045000000             0.00         0.00         0.00   0.0000                0        Rx009
   0.00000000000000      -8200.00000000000       658.309448000000             0.00         0.00         0.00   0.0000                0        Rx010
   0.00000000000000      -8000.00000000000       658.778503000000             0.00         0.00         0.00   0.0000                0        Rx011
   0.00000000000000      -7800.00000000000       658.725830000000             0.00         0.00         0.00   0.0000                0        Rx012
   0.00000000000000      -7600.00000000000       658.028809000000             0.00         0.00         0.00   0.0000                0        Rx013
   0.00000000000000      -7400.00000000000       656.573364000000             0.00         0.00         0.00   0.0000                0        Rx014
   0.00000000000000      -7200.00000000000       654.258240000000             0.00         0.00         0.00   0.0000                0        Rx015
   0.00000000000000      -7000.00000000000       650.998779000000             0.00         0.00         0.00   0.0000                0        Rx016
   0.00000000000000      -6800.00000000000       646.729919000000             0.00         0.00         0.00   0.0000                0        Rx017
   0.00000000000000      -6600.00000000000       641.409241000000             0.00         0.00         0.00   0.0000                0        Rx018
   0.00000000000000      -6400.00000000000       635.019531000000             0.00         0.00         0.00   0.0000                0        Rx019
   0.00000000000000      -6200.00000000000       627.570068000000             0.00         0.00         0.00   0.0000                0        Rx020
   0.00000000000000      -6000.00000000000       619.098267000000             0.00         0.00         0.00   0.0000                0        Rx021
   0.00000000000000      -5800.00000000000       609.669617000000             0.00         0.00         0.00   0.0000                0        Rx022
   0.00000000000000      -5600.00000000000       599.377502000000             0.00         0.00         0.00   0.0000                0        Rx023
   0.00000000000000      -5400.00000000000       588.341980000000             0.00         0.00         0.00   0.0000                0        Rx024
   0.00000000000000      -5200.00000000000       576.708435000000             0.00         0.00         0.00   0.0000                0        Rx025
   0.00000000000000      -5000.00000000000       564.644653000000             0.00         0.00         0.00   0.0000                0        Rx026
   0.00000000000000      -4800.00000000000       552.337952000000             0.00         0.00         0.00   0.0000                0        Rx027
   0.00000000000000      -4600.00000000000       539.991455000000             0.00         0.00         0.00   0.0000                0        Rx028
   0.00000000000000      -4400.00000000000       527.820190000000             0.00         0.00         0.00   0.0000                0        Rx029
   0.00000000000000      -4200.00000000000       516.046265000000             0.00         0.00         0.00   0.0000                0        Rx030
   0.00000000000000      -4000.00000000000       504.894348000000             0.00         0.00         0.00   0.0000                0        Rx031
   0.00000000000000      -3800.00000000000       494.586609000000             0.00         0.00         0.00   0.0000                0        Rx032
   0.00000000000000      -3600.00000000000       485.337677000000             0.00         0.00         0.00   0.0000                0        Rx033
   0.00000000000000      -3400.00000000000       477.349823000000             0.00         0.00         0.00   0.0000                0        Rx034
   0.00000000000000      -3200.00000000000       470.808044000000             0.00         0.00         0.00   0.0000                0        Rx035
   0.00000000000000      -3000.00000000000       465.875824000000             0.00         0.00         0.00   0.0000                0        Rx036
   0.00000000000000      -2800.00000000000       462.690857000000             0.00         0.00         0.00   0.0000                0        Rx037
   0.00000000000000      -2600.00000000000       461.361603000000             0.00         0.00         0.00   0.0000                0        Rx038
   0.00000000000000      -2400.00000000000       461.964478000000             0.00         0.00         0.00   0.0000                0        Rx039
   0.00000000000000      -2200.00000000000       464.541382000000             0.00         0.00         0.00   0.0000                0        Rx040
   0.00000000000000      -2000.00000000000       469.098328000000             0.00         0.00         0.00   0.0000                0        Rx041
   0.00000000000000      -1800.00000000000       475.604492000000             0.00         0.00         0.00   0.0000                0        Rx042
   0.00000000000000      -1600.00000000000       483.992462000000             0.00         0.00         0.00   0.0000                0        Rx043
   0.00000000000000      -1400.00000000000       494.158966000000             0.00         0.00         0.00   0.0000                0        Rx044
   0.00000000000000      -1200.00000000000       505.966492000000             0.00         0.00         0.00   0.0000                0        Rx045
   0.00000000000000      -1000.00000000000       519.245605000000             0.00         0.00         0.00   0.0000                0        Rx046
   0.00000000000000      -800.000000000000       533.798279000000             0.00         0.00         0.00   0.0000                0        Rx047
   0.00000000000000      -600.000000000000       549.401367000000             0.00         0.00         0.00   0.0000                0        Rx048
   0.00000000000000      -400.000000000000       565.811035000000             0.00         0.00         0.00   0.0000                0        Rx049
   0.00000000000000      -200.000000000000       582.767456000000             0.00         0.00         0.00   0.0000                0        Rx050
   0.00000000000000       0.00000000000000       600.000000000000             0.00         0.00         0.00   0.0000                0        Rx051
   0.00000000000000       200.000000000000       617.232544000000             0.00         0.00         0.00   0.0000                0        Rx052
   0.00000000000000       400.000000000000       634.188965000000             0.00         0.00         0.00   0.0000                0        Rx053
   0.00000000000000       600.000000000000       650.598633000000             0.00         0.00         0.00   0.0000                0        Rx054
   0.00000000000000       800.000000000000       666.201721000000             0.00         0.00         0.00   0.0000                0        Rx055
   0.00000000000000       1000.00000000000       680.754395000000             0.00         0.00         0.00   0.0000                0        Rx056
   0.00000000000000       1200.00000000000       694.033508000000             0.00         0.00         0.00   0.0000                0        Rx057
   0.00000000000000       1400.00000000000       705.841064000000             0.00         0.00         0.00   0.0000                0        Rx058
   0.00000000000000       1600.00000000000       716.007568000000             0.00         0.00         0.00   0.0000                0        Rx059
   0.00000000000000       1800.00000000000       724.395508000000             0.00         0.00         0.00   0.0000                0        Rx060
   0.00000000000000       2000.00000000000       730.901672000000             0.00         0.00         0.00   0.0000                0        Rx061
   0.00000000000000       2200.00000000000       735.458618000000             0.00         0.00         0.00   0.0000                0        Rx062
   0.00000000000000       2400.00000000000       738.035522000000             0.00         0.00         0.00   0.0000                0        Rx063
   0.00000000000000       2600.00000000000       738.638428000000             0.00         0.00         0.00   0.0000                0        Rx064
   0.00000000000000       2800.00000000000       737.309143000000             0.00         0.00         0.00   0.0000                0        Rx065
   0.00000000000000       3000.00000000000       734.124146000000             0.00         0.00         0.00   0.0000                0        Rx066
   0.00000000000000       3200.00000000000       729.191956000000             0.00         0.00         0.00   0.0000                0        Rx067
   0.00000000000000       3400.00000000000       722.650146000000             0.00         0.00         0.00   0.0000                0        Rx068
   0.00000000000000       3600.00000000000       714.662292000000             0.00         0.00         0.00   0.0000                0        Rx069
   0.00000000000000       3800.00000000000       705.413391000000             0.00         0.00         0.00   0.0000                0        Rx070
   0.00000000000000       4000.00000000000       695.105652000000             0.00         0.00         0.00   0.0000                0        Rx071
   0.00000000000000       4200.00000000000       683.953735000000             0.00         0.00         0.00   0.0000                0        Rx072
   0.00000000000000       4400.00000000000       672.179810000000             0.00         0.00         0.00   0.0000                0        Rx073
   0.00000000000000       4600.00000000000       660.008545000000             0.00         0.00         0.00   0.0000                0        Rx074
   0.00000000000000       4800.00000000000       647.662048000000             0.00         0.00         0.00   0.0000                0        Rx075
   0.00000000000000       5000.00000000000       635.355347000000             0.00         0.00         0.00   0.0000                0        Rx076
   0.00000000000000       5200.00000000000       623.291565000000             0.00         0.00         0.00   0.0000                0        Rx077
   0.00000000000000       5400.00000000000       611.658020000000             0.00         0.00         0.00   0.0000                0        Rx078
   0.00000000000000       5600.00000000000       600.622498000000             0.00         0.00         0.00   0.0000                0        Rx079
   0.00000000000000       5800.00000000000       590.330383000000             0.00         0.00         0.00   0.0000                0        Rx080
   0.00000000000000       6000.00000000000       580.901733000000             0.00         0.00         0.00   0.0000                0        Rx081
   0.00000000000000       6200.00000000000       572.429932000000             0.00         0.00         0.00   0.0000                0        Rx082
   0.00000000000000       6400.00000000000       564.980469000000             0.00         0.00         0.00   0.0000                0        Rx083
   0.00000000000000       6600.00000000000       558.590759000000             0.00         0.00         0.00   0.0000                0        Rx084
   0.00000000000000       6800.00000000000       553.270081000000             0.00         0.00         0.00   0.0000                0        Rx085
   0.00000000000000       7000.00000000000       549.001221000000             0.00         0.00         0.00   0.0000                0        Rx086
   0.00000000000000       7200.00000000000       545.741760000000             0.00         0.00         0.00   0.0000                0        Rx087
   0.00000000000000       7400.00000000000       543.426636000000             0.00         0.00         0.00   0.0000                0        Rx088
   0.00000000000000       7600.00000000000       541.971191000000             0.00         0.00         0.00   0.0000                0        Rx089
   0.00000000000000       7800.00000000000       541.274170000000             0.00         0.00         0.00   0.0000                0        Rx090
   0.00000000000000       8000.00000000000       541.221497000000             0.00         0.00         0.00   0.0000                0        Rx091
   0.00000000000000       8200.00000000000       541.690552000000             0.00         0.00         0.00   0.0000                0        Rx092
   0.00000000000000       8400.00000000000       542.553955000000             0.00         0.00         0.00   0.0000                0        Rx093
   0.00000000000000       8600.00000000000       543.684021000000             0.00         0.00         0.00   0.0000                0        Rx094
   0.00000000000000       8800.00000000000       544.956482000000             0.00         0.00         0.00   0.0000                0        Rx095
   0.00000000000000       9000.00000000000       546.254700000000             0.00         0.00         0.00   0.0000                0        Rx096
   0.00000000000000       9200.00000000000       547.473206000000             0.00         0.00         0.00   0.0000                0        Rx097
   0.00000000000000       9400.00000000000       548.520996000000             0.00         0.00         0.00   0.0000                0        Rx098
   0.00000000000000       9600.00000000000       549.324097000000             0.00         0.00         0.00   0.0000                0        Rx099
   0.00000000000000       9800.00000000000       549.828247000000             0.00         0.00         0.00   0.0000                0        Rx100
   0.00000000000000       10000.0000000000       550.000000000000             0.00         0.00         0.00   0.0000                0        Rx101
# Data: 606                                               
!        Type        Freq#          Tx#          Rx#          Data      StdError      Response      Residual
           23            1            1            1    0.000000        0.000000       0.1212115E-13    0.000000    
           24            1            1            1    0.000000        0.000000        174.3536        0.000000    
           23            1            1            2    0.000000        0.000000       0.1371214E-13    0.000000    
           24            1            1            2    0.000000        0.000000        173.7997        0.000000    
           23            1            1            3    0.000000        0.000000       0.1552094E-13    0.000000    
           24            1            1            3    0.000000        0.000000        173.0327        0.000000    
           23            1            1            4    0.000000        0.000000       0.1745849E-13    0.000000    
           24            1            1            4    0.000000        0.000000        171.9225        0.000000    
           23            1            1            5    0.000000        0.000000       0.1969970E-13    0.000000    
           24            1            1            5    0.000000        0.000000        170.6395        0.000000    
           23            1            1            6    0.000000        0.000000       0.2218368E-13    0.000000    
           24            1            1            6    0.000000        0.000000        169.1539        0.000000    
           23            1            1            7    0.000000        0.000000       0.2508154E-13    0.000000    
           24            1            1            7    0.000000        0.000000        167.4951        0.000000    
           23            1            1            8    0.000000        0.000000       0.2812925E-13    0.000000    
           24            1            1            8    0.000000        0.000000        165.5980        0.000000    
           23            1            1            9    0.000000        0.000000       0.3172770E-13    0.000000    
           24            1            1            9    0.000000        0.000000        163.5654        0.000000    
           23            1            1           10    0.000000        0.000000       0.3564297E-13    0.000000    
           24            1            1           10    0.000000        0.000000        161.3572        0.000000    
           23            1            1           11    0.000000        0.000000       0.3999691E-13    0.000000    
           24            1            1           11    0.000000        0.000000        159.0185        0.000000    
           23            1            1           12    0.000000        0.000000       0.4487480E-13    0.000000    
           24            1            1           12    0.000000        0.000000        156.5964        0.000000    
           23            1            1           13    0.000000        0.000000       0.5028930E-13    0.000000    
           24            1            1           13    0.000000        0.000000        154.0161        0.000000    
           23            1            1           14    0.000000        0.000000       0.5635766E-13    0.000000    
           24            1            1           14    0.000000        0.000000        151.3880        0.000000    
           23            1            1           15    0.000000        0.000000       0.6319957E-13    0.000000    
           24            1            1           15    0.000000        0.000000        148.7266        0.000000    
           23            1            1           16    0.000000        0.000000       0.7140678E-13    0.000000    
           24            1            1           16    0.000000        0.000000        145.9892        0.000000    
           23            1            1           17    0.000000        0.000000       0.7954786E-13    0.000000    
           24            1            1           17    0.000000        0.000000        143.2803        0.000000    
           23            1            1           18    0.000000        0.000000       0.8939150E-13    0.000000    
           24            1            1           18    0.000000        0.000000        140.6113        0.000000    
           23            1            1           19    0.000000        0.000000       0.1006127E-12    0.000000    
           24            1            1           19    0.000000        0.000000        137.9339        0.000000    
           23            1            1           20    0.000000        0.000000       0.1155294E-12    0.000000    
           24            1            1           20    0.000000        0.000000        134.9779        0.000000    
           23            1            1           21    0.000000        0.000000       0.1309437E-12    0.000000    
           24            1            1           21    0.000000        0.000000        132.3589        0.000000    
           23            1            1           22    0.000000        0.000000       0.1457620E-12    0.000000    
           24            1            1           22    0.000000        0.000000        130.2955        0.000000    
           23            1            1           23    0.000000        0.000000       0.1661476E-12    0.000000    
           24            1            1           23    0.000000        0.000000        127.8525        0.000000    
           23            1            1           24    0.000000        0.000000       0.1944727E-12    0.000000    
           24            1            1           24    0.000000        0.000000        124.8863        0.000000    
           23            1            1           25    0.000000        0.000000       0.2187595E-12    0.000000    
           24            1            1           25    0.000000        0.000000        123.3539        0.000000    
           23            1            1           26    0.000000        0.000000       0.2590444E-12    0.000000    
           24            1            1           26    0.000000        0.000000        120.3899        0.000000    
           23            1            1           27    0.000000        0.000000       0.3013254E-12    0.000000    
           24            1            1           27    0.000000        0.000000        118.3084        0.000000    
           23            1            1           28    0.000000        0.000000       0.3529243E-12    0.000000    
           24            1            1           28    0.000000        0.000000        116.2884        0.000000    
           23            1            1           29    0.000000        0.000000       0.4161535E-12    0.000000    
           24            1            1           29    0.000000        0.000000        114.4926        0.000000    
           23            1            1           30    0.000000        0.000000       0.4940478E-12    0.000000    
           24            1            1           30    0.000000        0.000000        112.7309        0.000000    
           23            1            1           31    0.000000        0.000000       0.5826670E-12    0.000000    
           24            1            1           31    0.000000        0.000000        111.9215        0.000000    
           23            1            1           32    0.000000        0.000000       0.7052653E-12    0.000000    
           24            1            1           32    0.000000        0.000000        110.1767        0.000000    
           23            1            1           33    0.000000        0.000000       0.8686865E-12    0.000000    
           24            1            1           33    0.000000        0.000000        108.0681        0.000000    
           23            1            1           34    0.000000        0.000000       0.1059064E-11    0.000000    
           24            1            1           34    0.000000        0.000000        107.0423        0.000000    
           23            1            1           35    0.000000        0.000000       0.1323331E-11    0.000000    
           24            1            1           35    0.000000        0.000000        105.1751        0.000000    
           23            1            1           36    0.000000        0.000000       0.1650400E-11    0.000000    
           24            1            1           36    0.000000        0.000000        103.7977        0.000000    
           23            1            1           37    0.000000        0.000000       0.2092269E-11    0.000000    
           24            1            1           37    0.000000        0.000000        101.7242        0.000000    
           23            1            1           38    0.000000        0.000000       0.2681363E-11    0.000000    
           24            1            1           38    0.000000        0.000000        99.18000        0.000000    
           23            1            1           39    0.000000        0.000000       0.3486317E-11    0.000000    
           24            1            1           39    0.000000        0.000000        96.13305        0.000000    
           23            1            1           40    0.000000        0.000000       0.4604062E-11    0.000000    
           24            1            1           40    0.000000        0.000000        92.21432        0.000000    
           23            1            1           41    0.000000        0.000000       0.6192446E-11    0.000000    
           24            1            1           41    0.000000        0.000000        87.31721        0.000000    
           23            1            1           42    0.000000        0.000000       0.8491025E-11    0.000000    
           24            1            1           42    0.000000        0.000000        81.86924        0.000000    
           23            1            1           43    0.000000        0.000000       0.1203614E-10    0.000000    
           24            1            1           43    0.000000        0.000000        75.03873        0.000000    
           23            1            1           44    0.000000        0.000000       0.1782974E-10    0.000000    
           24            1            1           44    0.000000        0.000000        66.96954        0.000000    
           23            1            1           45    0.000000        0.000000       0.2828832E-10    0.000000    
           24            1            1           45    0.000000        0.000000        57.47732        0.000000    
           23            1            1           46    0.000000        0.000000       0.5003230E-10    0.000000    
           24            1            1           46    0.000000        0.000000        45.88791        0.000000    
           23            1            1           47    0.000000        0.000000       0.1043463E-09    0.000000    
           24            1            1           47    0.000000        0.000000        34.69627        0.000000    
           23            1            1           48    0.000000        0.000000       0.2751645E-09    0.000000    
           24            1            1           48    0.000000        0.000000        23.01869        0.000000    
           23            1            1           49    0.000000        0.000000       0.1040628E-08    0.000000    
           24            1            1           49    0.000000        0.000000        12.27755        0.000000    
           23            1            1           50    0.000000        0.000000       0.8153311E-08    0.000000    
           24            1            1           50    0.000000        0.000000        4.311497        0.000000    
           23            1            1           51    0.000000        0.000000       0.2883620E-06    0.000000    
           24            1            1           51    0.000000        0.000000        179.7561        0.000000    
           23            1            1           52    0.000000        0.000000       0.6485295E-08    0.000000    
           24            1            1           52    0.000000        0.000000        4.979048        0.000000    
           23            1            1           53    0.000000        0.000000       0.9260570E-09    0.000000    
           24            1            1           53    0.000000        0.000000        13.27622        0.000000    
           23            1            1           54    0.000000        0.000000       0.2558940E-09    0.000000    
           24            1            1           54    0.000000        0.000000        24.42039        0.000000    
           23            1            1           55    0.000000        0.000000       0.9980656E-10    0.000000    
           24            1            1           55    0.000000        0.000000        35.43425        0.000000    
           23            1            1           56    0.000000        0.000000       0.4743810E-10    0.000000    
           24            1            1           56    0.000000        0.000000        44.83921        0.000000    
           23            1            1           57    0.000000        0.000000       0.2586470E-10    0.000000    
           24            1            1           57    0.000000        0.000000        54.67669        0.000000    
           23            1            1           58    0.000000        0.000000       0.1538691E-10    0.000000    
           24            1            1           58    0.000000        0.000000        62.36866        0.000000    
           23            1            1           59    0.000000        0.000000       0.9769669E-11    0.000000    
           24            1            1           59    0.000000        0.000000        68.67137        0.000000    
           23            1            1           60    0.000000        0.000000       0.6517044E-11    0.000000    
           24            1            1           60    0.000000        0.000000        73.66392        0.000000    
           23            1            1           61    0.000000        0.000000       0.4534643E-11    0.000000    
           24            1            1           61    0.000000        0.000000        76.95364        0.000000    
           23            1            1           62    0.000000        0.000000       0.3250475E-11    0.000000    
           24            1            1           62    0.000000        0.000000        79.77608        0.000000    
           23            1            1           63    0.000000        0.000000       0.2408525E-11    0.000000    
           24            1            1           63    0.000000        0.000000        81.15313        0.000000    
           23            1            1           64    0.000000        0.000000       0.1838429E-11    0.000000    
           24            1            1           64    0.000000        0.000000        81.69207        0.000000    
           23            1            1           65    0.000000        0.000000       0.1442411E-11    0.000000    
           24            1            1           65    0.000000        0.000000        81.82515        0.000000    
           23            1            1           66    0.000000        0.000000       0.1158815E-11    0.000000    
           24            1            1           66    0.000000        0.000000        81.99393        0.000000    
           23            1            1           67    0.000000        0.000000       0.9384522E-12    0.000000    
           24            1            1           67    0.000000        0.000000        83.10376        0.000000    
           23            1            1           68    0.000000        0.000000       0.7774617E-12    0.000000    
           24            1            1           68    0.000000        0.000000        84.57217        0.000000    
           23            1            1           69    0.000000        0.000000       0.6527349E-12    0.000000    
           24            1            1           69    0.000000        0.000000        86.75463        0.000000    
           23            1            1           70    0.000000        0.000000       0.5543261E-12    0.000000    
           24            1            1           70    0.000000        0.000000        89.56462        0.000000    
           23            1            1           71    0.000000        0.000000       0.4757439E-12    0.000000    
           24            1            1           71    0.000000        0.000000        92.85751        0.000000    
           23            1            1           72    0.000000        0.000000       0.4258368E-12    0.000000    
           24            1            1           72    0.000000        0.000000        95.47235        0.000000    
           23            1            1           73    0.000000        0.000000       0.3717686E-12    0.000000    
           24            1            1           73    0.000000        0.000000        99.32377        0.000000    
           23            1            1           74    0.000000        0.000000       0.3261082E-12    0.000000    
           24            1            1           74    0.000000        0.000000        103.3094        0.000000    
           23            1            1           75    0.000000        0.000000       0.2870544E-12    0.000000    
           24            1            1           75    0.000000        0.000000        107.3632        0.000000    
           23            1            1           76    0.000000        0.000000       0.2532562E-12    0.000000    
           24            1            1           76    0.000000        0.000000        111.4087        0.000000    
           23            1            1           77    0.000000        0.000000       0.2167664E-12    0.000000    
           24            1            1           77    0.000000        0.000000        116.1586        0.000000    
           23            1            1           78    0.000000        0.000000       0.1980601E-12    0.000000    
           24            1            1           78    0.000000        0.000000        119.2871        0.000000    
           23            1            1           79    0.000000        0.000000       0.1705513E-12    0.000000    
           24            1            1           79    0.000000        0.000000        123.6360        0.000000    
           23            1            1           80    0.000000        0.000000       0.1513913E-12    0.000000    
           24            1            1           80    0.000000        0.000000        127.1748        0.000000    
           23            1            1           81    0.000000        0.000000       0.1374890E-12    0.000000    
           24            1            1           81    0.000000        0.000000        130.0798        0.000000    
           23            1            1           82    0.000000        0.000000       0.1216636E-12    0.000000    
           24            1            1           82    0.000000        0.000000        133.4393        0.000000    
           23            1            1           83    0.000000        0.000000       0.1058631E-12    0.000000    
           24            1            1           83    0.000000        0.000000        136.8956        0.000000    
           23            1            1           84    0.000000        0.000000       0.9386402E-13    0.000000    
           24            1            1           84    0.000000        0.000000        139.8152        0.000000    
           23            1            1           85    0.000000        0.000000       0.8317578E-13    0.000000    
           24            1            1           85    0.000000        0.000000        142.6047        0.000000    
           23            1            1           86    0.000000        0.000000       0.7432357E-13    0.000000    
           24            1            1           86    0.000000        0.000000        145.1358        0.000000    
           23            1            1           87    0.000000        0.000000       0.6515458E-13    0.000000    
           24            1            1           87    0.000000        0.000000        147.7451        0.000000    
           23            1            1           88    0.000000        0.000000       0.5759176E-13    0.000000    
           24            1            1           88    0.000000        0.000000        150.1029        0.000000    
           23            1            1           89    0.000000        0.000000       0.5091299E-13    0.000000    
           24            1            1           89    0.000000        0.000000        152.3132        0.000000    
           23            1            1           90    0.000000        0.000000       0.4504902E-13    0.000000    
           24            1            1           90    0.000000        0.000000        154.3738        0.000000    
           23            1            1           91    0.000000        0.000000       0.3973632E-13    0.000000    
           24            1            1           91    0.000000        0.000000        156.2986        0.000000    
           23            1            1           92    0.000000        0.000000       0.3505330E-13    0.000000    
           24            1            1           92    0.000000        0.000000        158.0815        0.000000    
           23            1            1           93    0.000000        0.000000       0.3095979E-13    0.000000    
           24            1            1           93    0.000000        0.000000        159.6788        0.000000    
           23            1            1           94    0.000000        0.000000       0.2727730E-13    0.000000    
           24            1            1           94    0.000000        0.000000        161.0700        0.000000    
           23            1            1           95    0.000000        0.000000       0.2407407E-13    0.000000    
           24            1            1           95    0.000000        0.000000        162.3587        0.000000    
           23            1            1           96    0.000000        0.000000       0.2124791E-13    0.000000    
           24            1            1           96    0.000000        0.000000        163.3845        0.000000    
           23            1            1           97    0.000000        0.000000       0.1871346E-13    0.000000    
           24            1            1           97    0.000000        0.000000        164.1346        0.000000    
           23            1            1           98    0.000000        0.000000       0.1652379E-13    0.000000    
           24            1            1           98    0.000000        0.000000        164.6561        0.000000    
           23            1            1           99    0.000000        0.000000       0.1456864E-13    0.000000    
           24            1            1           99    0.000000        0.000000        164.8972        0.000000    
           23            1            1          100    0.000000        0.000000       0.1287212E-13    0.000000    
           24            1            1          100    0.000000        0.000000        164.8184        0.000000    
           23            1            1          101    0.000000        0.000000       0.1136180E-13    0.000000    
           24            1            1          101    0.000000        0.000000        164.2784        0.000000    
           23            2            1            1    0.000000        0.000000       0.1170908E-14    0.000000    
           24            2            1            1    0.000000        0.000000       -134.4937        0.000000    
           23            2            1            2    0.000000        0.000000       0.1177767E-14    0.000000    
           24            2            1            2    0.000000        0.000000       -129.6132        0.000000    
           23            2            1            3    0.000000        0.000000       0.1202788E-14    0.000000    
           24            2            1            3    0.000000        0.000000       -122.7442        0.000000    
           23            2            1            4    0.000000        0.000000       0.1276255E-14    0.000000    
           24            2            1            4    0.000000        0.000000       -114.7582        0.000000    
           23            2            1            5    0.000000        0.000000       0.1417617E-14    0.000000    
           24            2            1            5    0.000000        0.000000       -105.9314        0.000000    
           23            2            1            6    0.000000        0.000000       0.1655680E-14    0.000000    
           24            2            1            6    0.000000        0.000000       -97.71302        0.000000    
           23            2            1            7    0.000000        0.000000       0.2017495E-14    0.000000    
           24            2            1            7    0.000000        0.000000       -90.82320        0.000000    
           23            2            1            8    0.000000        0.000000       0.2503685E-14    0.000000    
           24            2            1            8    0.000000        0.000000       -86.78932        0.000000    
           23            2            1            9    0.000000        0.000000       0.3146916E-14    0.000000    
           24            2            1            9    0.000000        0.000000       -84.29602        0.000000    
           23            2            1           10    0.000000        0.000000       0.3941943E-14    0.000000    
           24            2            1           10    0.000000        0.000000       -83.84665        0.000000    
           23            2            1           11    0.000000        0.000000       0.4907714E-14    0.000000    
           24            2            1           11    0.000000        0.000000       -84.83144        0.000000    
           23            2            1           12    0.000000        0.000000       0.6076748E-14    0.000000    
           24            2            1           12    0.000000        0.000000       -86.87826        0.000000    
           23            2            1           13    0.000000        0.000000       0.7471767E-14    0.000000    
           24            2            1           13    0.000000        0.000000       -89.87670        0.000000    
           23            2            1           14    0.000000        0.000000       0.9128089E-14    0.000000    
           24            2            1           14    0.000000        0.000000       -93.58082        0.000000    
           23            2            1           15    0.000000        0.000000       0.1108963E-13    0.000000    
           24            2            1           15    0.000000        0.000000       -97.85677        0.000000    
           23            2            1           16    0.000000        0.000000       0.1349026E-13    0.000000    
           24            2            1           16    0.000000        0.000000       -102.4447        0.000000    
           23            2            1           17    0.000000        0.000000       0.1612986E-13    0.000000    
           24            2            1           17    0.000000        0.000000       -107.7766        0.000000    
           23            2            1           18    0.000000        0.000000       0.1937640E-13    0.000000    
           24            2            1           18    0.000000        0.000000       -113.2656        0.000000    
           23            2            1           19    0.000000        0.000000       0.2319152E-13    0.000000    
           24            2            1           19    0.000000        0.000000       -118.9989        0.000000    
           23            2            1           20    0.000000        0.000000       0.2824592E-13    0.000000    
           24            2            1           20    0.000000        0.000000       -124.7276        0.000000    
           23            2            1           21    0.000000        0.000000       0.3385266E-13    0.000000    
           24            2            1           21    0.000000        0.000000       -130.8386        0.000000    
           23            2            1           22    0.000000        0.000000       0.3964988E-13    0.000000    
           24            2            1           22    0.000000        0.000000       -137.2019        0.000000    
           23            2            1           23    0.000000        0.000000       0.4745517E-13    0.000000    
           24            2            1           23    0.000000        0.000000       -143.4987        0.000000    
           23            2            1           24    0.000000        0.000000       0.5831181E-13    0.000000    
           24            2            1           24    0.000000        0.000000       -149.6551        0.000000    
           23            2            1           25    0.000000        0.000000       0.6805462E-13    0.000000    
           24            2            1           25    0.000000        0.000000       -156.0360        0.000000    
           23            2            1           26    0.000000        0.000000       0.8416341E-13    0.000000    
           24            2            1           26    0.000000        0.000000       -162.1844        0.000000    
           23            2            1           27    0.000000        0.000000       0.1013732E-12    0.000000    
           24            2            1           27    0.000000        0.000000       -168.3617        0.000000    
           23            2            1           28    0.000000        0.000000       0.1223272E-12    0.000000    
           24            2            1           28    0.000000        0.000000       -174.4072        0.000000    
           23            2            1           29    0.000000        0.000000       0.1478975E-12    0.000000    
           24            2            1           29    0.000000        0.000000        179.7347        0.000000    
           23            2            1           30    0.000000        0.000000       0.1792667E-12    0.000000    
           24            2            1           30    0.000000        0.000000        174.0784        0.000000    
           23            2            1           31    0.000000        0.000000       0.2120664E-12    0.000000    
           24            2            1           31    0.000000        0.000000        168.7771        0.000000    
           23            2            1           32    0.000000        0.000000       0.2587159E-12    0.000000    
           24            2            1           32    0.000000        0.000000        163.7738        0.000000    
           23            2            1           33    0.000000        0.000000       0.3221844E-12    0.000000    
           24            2            1           33    0.000000        0.000000        159.1326        0.000000    
           23            2            1           34    0.000000        0.000000       0.3866674E-12    0.000000    
           24            2            1           34    0.000000        0.000000        155.0179        0.000000    
           23            2            1           35    0.000000        0.000000       0.4795074E-12    0.000000    
           24            2            1           35    0.000000        0.000000        151.3176        0.000000    
           23            2            1           36    0.000000        0.000000       0.5818203E-12    0.000000    
           24            2            1           36    0.000000        0.000000        147.8991        0.000000    
           23            2            1           37    0.000000        0.000000       0.7192821E-12    0.000000    
           24            2            1           37    0.000000        0.000000        144.4709        0.000000    
           23            2            1           38    0.000000        0.000000       0.8977077E-12    0.000000    
           24            2            1           38    0.000000        0.000000        140.9706        0.000000    
           23            2            1           39    0.000000        0.000000       0.1132767E-11    0.000000    
           24            2            1           39    0.000000        0.000000        137.1926        0.000000    
           23            2            1           40    0.000000        0.000000       0.1459496E-11    0.000000    
           24            2            1           40    0.000000        0.000000        132.7384        0.000000    
           23            2            1           41    0.000000        0.000000       0.1964781E-11    0.000000    
           24            2            1           41    0.000000        0.000000        126.6028        0.000000    
           23            2            1           42    0.000000        0.000000       0.2683596E-11    0.000000    
           24            2            1           42    0.000000        0.000000        121.1368        0.000000    
           23            2            1           43    0.000000        0.000000       0.3947890E-11    0.000000    
           24            2            1           43    0.000000        0.000000        113.8216        0.000000    
           23            2            1           44    0.000000        0.000000       0.6330389E-11    0.000000    
           24            2            1           44    0.000000        0.000000        105.0935        0.000000    
           23            2            1           45    0.000000        0.000000       0.1146126E-10    0.000000    
           24            2            1           45    0.000000        0.000000        94.51614        0.000000    
           23            2            1           46    0.000000        0.000000       0.2456372E-10    0.000000    
           24            2            1           46    0.000000        0.000000        78.47222        0.000000    
           23            2            1           47    0.000000        0.000000       0.6270468E-10    0.000000    
           24            2            1           47    0.000000        0.000000        66.05056        0.000000    
           23            2            1           48    0.000000        0.000000       0.2019873E-09    0.000000    
           24            2            1           48    0.000000        0.000000        48.36761        0.000000    
           23            2            1           49    0.000000        0.000000       0.9011930E-09    0.000000    
           24            2            1           49    0.000000        0.000000        28.43038        0.000000    
           23            2            1           50    0.000000        0.000000       0.7870691E-08    0.000000    
           24            2            1           50    0.000000        0.000000        11.23115        0.000000    
           23            2            1           51    0.000000        0.000000       0.2893245E-06    0.000000    
           24            2            1           51    0.000000        0.000000        179.2967        0.000000    
           23            2            1           52    0.000000        0.000000       0.6197396E-08    0.000000    
           24            2            1           52    0.000000        0.000000        12.83620        0.000000    
           23            2            1           53    0.000000        0.000000       0.7877372E-09    0.000000    
           24            2            1           53    0.000000        0.000000        30.71661        0.000000    
           23            2            1           54    0.000000        0.000000       0.1836813E-09    0.000000    
           24            2            1           54    0.000000        0.000000        52.08317        0.000000    
           23            2            1           55    0.000000        0.000000       0.5927451E-10    0.000000    
           24            2            1           55    0.000000        0.000000        69.01531        0.000000    
           23            2            1           56    0.000000        0.000000       0.2371998E-10    0.000000    
           24            2            1           56    0.000000        0.000000        76.59805        0.000000    
           23            2            1           57    0.000000        0.000000       0.1106588E-10    0.000000    
           24            2            1           57    0.000000        0.000000        84.28053        0.000000    
           23            2            1           58    0.000000        0.000000       0.6238267E-11    0.000000    
           24            2            1           58    0.000000        0.000000        84.47461        0.000000    
           23            2            1           59    0.000000        0.000000       0.4100696E-11    0.000000    
           24            2            1           59    0.000000        0.000000        84.31255        0.000000    
           23            2            1           60    0.000000        0.000000       0.2975452E-11    0.000000    
           24            2            1           60    0.000000        0.000000        85.83491        0.000000    
           23            2            1           61    0.000000        0.000000       0.2311462E-11    0.000000    
           24            2            1           61    0.000000        0.000000        88.71619        0.000000    
           23            2            1           62    0.000000        0.000000       0.1795218E-11    0.000000    
           24            2            1           62    0.000000        0.000000        92.94934        0.000000    
           23            2            1           63    0.000000        0.000000       0.1439339E-11    0.000000    
           24            2            1           63    0.000000        0.000000        97.20207        0.000000    
           23            2            1           64    0.000000        0.000000       0.1166119E-11    0.000000    
           24            2            1           64    0.000000        0.000000        101.5574        0.000000    
           23            2            1           65    0.000000        0.000000       0.9489689E-12    0.000000    
           24            2            1           65    0.000000        0.000000        106.0865        0.000000    
           23            2            1           66    0.000000        0.000000       0.7723107E-12    0.000000    
           24            2            1           66    0.000000        0.000000        110.9497        0.000000    
           23            2            1           67    0.000000        0.000000       0.6167326E-12    0.000000    
           24            2            1           67    0.000000        0.000000        116.4481        0.000000    
           23            2            1           68    0.000000        0.000000       0.4944366E-12    0.000000    
           24            2            1           68    0.000000        0.000000        122.7680        0.000000    
           23            2            1           69    0.000000        0.000000       0.3948199E-12    0.000000    
           24            2            1           69    0.000000        0.000000        129.9618        0.000000    
           23            2            1           70    0.000000        0.000000       0.3150025E-12    0.000000    
           24            2            1           70    0.000000        0.000000        137.9260        0.000000    
           23            2            1           71    0.000000        0.000000       0.2518263E-12    0.000000    
           24            2            1           71    0.000000        0.000000        146.5228        0.000000    
           23            2            1           72    0.000000        0.000000       0.2100306E-12    0.000000    
           24            2            1           72    0.000000        0.000000        155.4211        0.000000    
           23            2            1           73    0.000000        0.000000       0.1697577E-12    0.000000    
           24            2            1           73    0.000000        0.000000        164.6670        0.000000    
           23            2            1           74    0.000000        0.000000       0.1379163E-12    0.000000    
           24            2            1           74    0.000000        0.000000        173.9438        0.000000    
           23            2            1           75    0.000000        0.000000       0.1125535E-12    0.000000    
           24            2            1           75    0.000000        0.000000       -176.8931        0.000000    
           23            2            1           76    0.000000        0.000000       0.9221196E-13    0.000000    
           24            2            1           76    0.000000        0.000000       -168.0182        0.000000    
           23            2            1           77    0.000000        0.000000       0.7309513E-13    0.000000    
           24            2            1           77    0.000000        0.000000       -159.4642        0.000000    
           23            2            1           78    0.000000        0.000000       0.6236500E-13    0.000000    
           24            2            1           78    0.000000        0.000000       -151.5627        0.000000    
           23            2            1           79    0.000000        0.000000       0.4979335E-13    0.000000    
           24            2            1           79    0.000000        0.000000       -144.1537        0.000000    
           23            2            1           80    0.000000        0.000000       0.4106636E-13    0.000000    
           24            2            1           80    0.000000        0.000000       -137.3811        0.000000    
           23            2            1           81    0.000000        0.000000       0.3457732E-13    0.000000    
           24            2            1           81    0.000000        0.000000       -130.9882        0.000000    
           23            2            1           82    0.000000        0.000000       0.2826077E-13    0.000000    
           24            2            1           82    0.000000        0.000000       -125.3776        0.000000    
           23            2            1           83    0.000000        0.000000       0.2261762E-13    0.000000    
           24            2            1           83    0.000000        0.000000       -120.7129        0.000000    
           23            2            1           84    0.000000        0.000000       0.1839675E-13    0.000000    
           24            2            1           84    0.000000        0.000000       -116.5133        0.000000    
           23            2            1           85    0.000000        0.000000       0.1488215E-13    0.000000    
           24            2            1           85    0.000000        0.000000       -113.0211        0.000000    
           23            2            1           86    0.000000        0.000000       0.1208842E-13    0.000000    
           24            2            1           86    0.000000        0.000000       -110.0020        0.000000    
           23            2            1           87    0.000000        0.000000       0.9604474E-14    0.000000    
           24            2            1           87    0.000000        0.000000       -108.4517        0.000000    
           23            2            1           88    0.000000        0.000000       0.7664761E-14    0.000000    
           24            2            1           88    0.000000        0.000000       -107.6087        0.000000    
           23            2            1           89    0.000000        0.000000       0.6102238E-14    0.000000    
           24            2            1           89    0.000000        0.000000       -107.9593        0.000000    
           23            2            1           90    0.000000        0.000000       0.4871303E-14    0.000000    
           24            2            1           90    0.000000        0.000000       -109.6091        0.000000    
           23            2            1           91    0.000000        0.000000       0.3912893E-14    0.000000    
           24            2            1           91    0.000000        0.000000       -112.9848        0.000000    
           23            2            1           92    0.000000        0.000000       0.3198157E-14    0.000000    
           24            2            1           92    0.000000        0.000000       -117.9586        0.000000    
           23            2            1           93    0.000000        0.000000       0.2691601E-14    0.000000    
           24            2            1           93    0.000000        0.000000       -124.3762        0.000000    
           23            2            1           94    0.000000        0.000000       0.2358945E-14    0.000000    
           24            2            1           94    0.000000        0.000000       -131.6822        0.000000    
           23            2            1           95    0.000000        0.000000       0.2146332E-14    0.000000    
           24            2            1           95    0.000000        0.000000       -138.8707        0.000000    
           23            2            1           96    0.000000        0.000000       0.2028253E-14    0.000000    
           24            2            1           96    0.000000        0.000000       -145.2983        0.000000    
           23            2            1           97    0.000000        0.000000       0.1967604E-14    0.000000    
           24            2            1           97    0.000000        0.000000       -150.4280        0.000000    
           23            2            1           98    0.000000        0.000000       0.1931811E-14    0.000000    
           24            2            1           98    0.000000        0.000000       -154.2793        0.000000    
           23            2            1           99    0.000000        0.000000       0.1908737E-14    0.000000    
           24            2            1           99    0.000000        0.000000       -157.0302        0.000000    
           23            2            1          100    0.000000        0.000000       0.1888096E-14    0.000000    
           24            2            1          100    0.000000        0.000000       -158.7046        0.000000    
           23            2            1          101    0.000000        0.000000       0.1865877E-14    0.000000    
           24            2            1          101    0.000000        0.000000       -159.7608        0.000000    
           23            3            1            1    0.000000        0.000000       0.5292800E-15    0.000000    
           24            3            1            1    0.000000        0.000000       -80.01195        0.000000    
           23            3            1            2    0.000000        0.000000       0.5434173E-15    0.000000    
           24            3            1            2    0.000000        0.000000       -81.07364        0.000000    
           23            3            1            3    0.000000        0.000000       0.5507954E-15    0.000000    
           24            3            1            3    0.000000        0.000000       -81.87727        0.000000    
           23            3            1            4    0.000000        0.000000       0.5506815E-15    0.000000    
           24            3            1            4    0.000000        0.000000       -82.17307        0.000000    
           23            3            1            5    0.000000        0.000000       0.5406171E-15    0.000000    
           24            3            1            5    0.000000        0.000000       -81.63921        0.000000    
           23            3            1            6    0.000000        0.000000       0.5205018E-15    0.000000    
           24            3            1            6    0.000000        0.000000       -79.63323        0.000000    
           23            3            1            7    0.000000        0.000000       0.4907486E-15    0.000000    
           24            3            1            7    0.000000        0.000000       -75.07863        0.000000    
           23            3            1            8    0.000000        0.000000       0.4655781E-15    0.000000    
           24            3            1            8    0.000000        0.000000       -66.63090        0.000000    
           23            3            1            9    0.000000        0.000000       0.4619294E-15    0.000000    
           24            3            1            9    0.000000        0.000000       -52.71965        0.000000    
           23            3            1           10    0.000000        0.000000       0.5221950E-15    0.000000    
           24            3            1           10    0.000000        0.000000       -36.06980        0.000000    
           23            3            1           11    0.000000        0.000000       0.6750088E-15    0.000000    
           24            3            1           11    0.000000        0.000000       -22.25291        0.000000    
           23            3            1           12    0.000000        0.000000       0.9292380E-15    0.000000    
           24            3            1           12    0.000000        0.000000       -14.18819        0.000000    
           23            3            1           13    0.000000        0.000000       0.1287692E-14    0.000000    
           24            3            1           13    0.000000        0.000000       -11.19947        0.000000    
           23            3            1           14    0.000000        0.000000       0.1759397E-14    0.000000    
           24            3            1           14    0.000000        0.000000       -11.53493        0.000000    
           23            3            1           15    0.000000        0.000000       0.2359155E-14    0.000000    
           24            3            1           15    0.000000        0.000000       -14.12597        0.000000    
           23            3            1           16    0.000000        0.000000       0.3131185E-14    0.000000    
           24            3            1           16    0.000000        0.000000       -17.92721        0.000000    
           23            3            1           17    0.000000        0.000000       0.4043400E-14    0.000000    
           24            3            1           17    0.000000        0.000000       -23.43600        0.000000    
           23            3            1           18    0.000000        0.000000       0.5198697E-14    0.000000    
           24            3            1           18    0.000000        0.000000       -29.44936        0.000000    
           23            3            1           19    0.000000        0.000000       0.6626539E-14    0.000000    
           24            3            1           19    0.000000        0.000000       -36.06100        0.000000    
           23            3            1           20    0.000000        0.000000       0.8541062E-14    0.000000    
           24            3            1           20    0.000000        0.000000       -42.79815        0.000000    
           23            3            1           21    0.000000        0.000000       0.1079260E-13    0.000000    
           24            3            1           21    0.000000        0.000000       -50.23661        0.000000    
           23            3            1           22    0.000000        0.000000       0.1330813E-13    0.000000    
           24            3            1           22    0.000000        0.000000       -58.22816        0.000000    
           23            3            1           23    0.000000        0.000000       0.1670039E-13    0.000000    
           24            3            1           23    0.000000        0.000000       -66.13530        0.000000    
           23            3            1           24    0.000000        0.000000       0.2146328E-13    0.000000    
           24            3            1           24    0.000000        0.000000       -73.88699        0.000000    
           23            3            1           25    0.000000        0.000000       0.2623239E-13    0.000000    
           24            3            1           25    0.000000        0.000000       -82.23174        0.000000    
           23            3            1           26    0.000000        0.000000       0.3379364E-13    0.000000    
           24            3            1           26    0.000000        0.000000       -90.11739        0.000000    
           23            3            1           27    0.000000        0.000000       0.4242304E-13    0.000000    
           24            3            1           27    0.000000        0.000000       -98.20761        0.000000    
           23            3            1           28    0.000000        0.000000       0.5326122E-13    0.000000    
           24            3            1           28    0.000000        0.000000       -106.1883        0.000000    
           23            3            1           29    0.000000        0.000000       0.6687549E-13    0.000000    
           24            3            1           29    0.000000        0.000000       -113.9816        0.000000    
           23            3            1           30    0.000000        0.000000       0.8406663E-13    0.000000    
           24            3            1           30    0.000000        0.000000       -121.5319        0.000000    
           23            3            1           31    0.000000        0.000000       0.1032282E-12    0.000000    
           24            3            1           31    0.000000        0.000000       -128.8251        0.000000    
           23            3            1           32    0.000000        0.000000       0.1301634E-12    0.000000    
           24            3            1           32    0.000000        0.000000       -135.5591        0.000000    
           23            3            1           33    0.000000        0.000000       0.1671293E-12    0.000000    
           24            3            1           33    0.000000        0.000000       -141.6524        0.000000    
           23            3            1           34    0.000000        0.000000       0.2072608E-12    0.000000    
           24            3            1           34    0.000000        0.000000       -147.4474        0.000000    
           23            3            1           35    0.000000        0.000000       0.2649670E-12    0.000000    
           24            3            1           35    0.000000        0.000000       -152.5735        0.000000    
           23            3            1           36    0.000000        0.000000       0.3325654E-12    0.000000    
           24            3            1           36    0.000000        0.000000       -157.7180        0.000000    
           23            3            1           37    0.000000        0.000000       0.4253679E-12    0.000000    
           24            3            1           37    0.000000        0.000000       -163.0359        0.000000    
           23            3            1           38    0.000000        0.000000       0.5501257E-12    0.000000    
           24            3            1           38    0.000000        0.000000       -169.0215        0.000000    
           23            3            1           39    0.000000        0.000000       0.7201358E-12    0.000000    
           24            3            1           39    0.000000        0.000000       -176.2345        0.000000    
           23            3            1           40    0.000000        0.000000       0.9615786E-12    0.000000    
           24            3            1           40    0.000000        0.000000        174.8836        0.000000    
           23            3            1           41    0.000000        0.000000       0.1342856E-11    0.000000    
           24            3            1           41    0.000000        0.000000        163.6275        0.000000    
           23            3            1           42    0.000000        0.000000       0.1863226E-11    0.000000    
           24            3            1           42    0.000000        0.000000        151.3166        0.000000    
           23            3            1           43    0.000000        0.000000       0.2750298E-11    0.000000    
           24            3            1           43    0.000000        0.000000        137.1669        0.000000    
           23            3            1           44    0.000000        0.000000       0.4324191E-11    0.000000    
           24            3            1           44    0.000000        0.000000        122.4795        0.000000    
           23            3            1           45    0.000000        0.000000       0.7552886E-11    0.000000    
           24            3            1           45    0.000000        0.000000        108.6153        0.000000    
           23            3            1           46    0.000000        0.000000       0.1665056E-10    0.000000    
           24            3            1           46    0.000000        0.000000        91.87944        0.000000    
           23            3            1           47    0.000000        0.000000       0.4282395E-10    0.000000    
           24            3            1           47    0.000000        0.000000        82.78555        0.000000    
           23            3            1           48    0.000000        0.000000       0.1539465E-09    0.000000    
           24            3            1           48    0.000000        0.000000        64.78042        0.000000    
           23            3            1           49    0.000000        0.000000       0.7815642E-09    0.000000    
           24            3            1           49    0.000000        0.000000        40.23414        0.000000    
           23            3            1           50    0.000000        0.000000       0.7533761E-08    0.000000    
           24            3            1           50    0.000000        0.000000        17.00269        0.000000    
           23            3            1           51    0.000000        0.000000       0.2909850E-06    0.000000    
           24            3            1           51    0.000000        0.000000        179.0225        0.000000    
           23            3            1           52    0.000000        0.000000       0.5897461E-08    0.000000    
           24            3            1           52    0.000000        0.000000        19.25537        0.000000    
           23            3            1           53    0.000000        0.000000       0.6736810E-09    0.000000    
           24            3            1           53    0.000000        0.000000        43.11091        0.000000    
           23            3            1           54    0.000000        0.000000       0.1360191E-09    0.000000    
           24            3            1           54    0.000000        0.000000        69.76760        0.000000    
           23            3            1           55    0.000000        0.000000       0.3928013E-10    0.000000    
           24            3            1           55    0.000000        0.000000        86.94350        0.000000    
           23            3            1           56    0.000000        0.000000       0.1632042E-10    0.000000    
           24            3            1           56    0.000000        0.000000        89.74589        0.000000    
           23            3            1           57    0.000000        0.000000       0.8172768E-11    0.000000    
           24            3            1           57    0.000000        0.000000        97.16754        0.000000    
           23            3            1           58    0.000000        0.000000       0.5201278E-11    0.000000    
           24            3            1           58    0.000000        0.000000        102.8475        0.000000    
           23            3            1           59    0.000000        0.000000       0.3574889E-11    0.000000    
           24            3            1           59    0.000000        0.000000        111.1813        0.000000    
           23            3            1           60    0.000000        0.000000       0.2544525E-11    0.000000    
           24            3            1           60    0.000000        0.000000        120.3208        0.000000    
           23            3            1           61    0.000000        0.000000       0.1884033E-11    0.000000    
           24            3            1           61    0.000000        0.000000        129.0122        0.000000    
           23            3            1           62    0.000000        0.000000       0.1391407E-11    0.000000    
           24            3            1           62    0.000000        0.000000        136.9821        0.000000    
           23            3            1           63    0.000000        0.000000       0.1064214E-11    0.000000    
           24            3            1           63    0.000000        0.000000        143.9658        0.000000    
           23            3            1           64    0.000000        0.000000       0.8275330E-12    0.000000    
           24            3            1           64    0.000000        0.000000        150.2658        0.000000    
           23            3            1           65    0.000000        0.000000       0.6489822E-12    0.000000    
           24            3            1           65    0.000000        0.000000        156.3267        0.000000    
           23            3            1           66    0.000000        0.000000       0.5096881E-12    0.000000    
           24            3            1           66    0.000000        0.000000        162.5592        0.000000    
           23            3            1           67    0.000000        0.000000       0.3924995E-12    0.000000    
           24            3            1           67    0.000000        0.000000        169.4715        0.000000    
           23            3            1           68    0.000000        0.000000       0.3026083E-12    0.000000    
           24            3            1           68    0.000000        0.000000        177.3629        0.000000    
           23            3            1           69    0.000000        0.000000       0.2316065E-12    0.000000    
           24            3            1           69    0.000000        0.000000       -173.6522        0.000000    
           23            3            1           70    0.000000        0.000000       0.1765970E-12    0.000000    
           24            3            1           70    0.000000        0.000000       -163.6631        0.000000    
           23            3            1           71    0.000000        0.000000       0.1345171E-12    0.000000    
           24            3            1           71    0.000000        0.000000       -152.8288        0.000000    
           23            3            1           72    0.000000        0.000000       0.1066049E-12    0.000000    
           24            3            1           72    0.000000        0.000000       -141.4293        0.000000    
           23            3            1           73    0.000000        0.000000       0.8194868E-13    0.000000    
           24            3            1           73    0.000000        0.000000       -129.6726        0.000000    
           23            3            1           74    0.000000        0.000000       0.6326046E-13    0.000000    
           24            3            1           74    0.000000        0.000000       -117.8297        0.000000    
           23            3            1           75    0.000000        0.000000       0.4907895E-13    0.000000    
           24            3            1           75    0.000000        0.000000       -106.1596        0.000000    
           23            3            1           76    0.000000        0.000000       0.3821973E-13    0.000000    
           24            3            1           76    0.000000        0.000000       -94.89647        0.000000    
           23            3            1           77    0.000000        0.000000       0.2878749E-13    0.000000    
           24            3            1           77    0.000000        0.000000       -84.27025        0.000000    
           23            3            1           78    0.000000        0.000000       0.2324334E-13    0.000000    
           24            3            1           78    0.000000        0.000000       -74.32186        0.000000    
           23            3            1           79    0.000000        0.000000       0.1753716E-13    0.000000    
           24            3            1           79    0.000000        0.000000       -65.47616        0.000000    
           23            3            1           80    0.000000        0.000000       0.1357924E-13    0.000000    
           24            3            1           80    0.000000        0.000000       -57.51019        0.000000    
           23            3            1           81    0.000000        0.000000       0.1064157E-13    0.000000    
           24            3            1           81    0.000000        0.000000       -50.17173        0.000000    
           23            3            1           82    0.000000        0.000000       0.8026607E-14    0.000000    
           24            3            1           82    0.000000        0.000000       -44.35372        0.000000    
           23            3            1           83    0.000000        0.000000       0.5866350E-14    0.000000    
           24            3            1           83    0.000000        0.000000       -40.49362        0.000000    
           23            3            1           84    0.000000        0.000000       0.4298857E-14    0.000000    
           24            3            1           84    0.000000        0.000000       -37.91759        0.000000    
           23            3            1           85    0.000000        0.000000       0.3090665E-14    0.000000    
           24            3            1           85    0.000000        0.000000       -37.68527        0.000000    
           23            3            1           86    0.000000        0.000000       0.2203487E-14    0.000000    
           24            3            1           86    0.000000        0.000000       -40.11294        0.000000    
           23            3            1           87    0.000000        0.000000       0.1560176E-14    0.000000    
           24            3            1           87    0.000000        0.000000       -48.63362        0.000000    
           23            3            1           88    0.000000        0.000000       0.1178119E-14    0.000000    
           24            3            1           88    0.000000        0.000000       -61.93004        0.000000    
           23            3            1           89    0.000000        0.000000       0.1007161E-14    0.000000    
           24            3            1           89    0.000000        0.000000       -78.01956        0.000000    
           23            3            1           90    0.000000        0.000000       0.9728023E-15    0.000000    
           24            3            1           90    0.000000        0.000000       -91.81426        0.000000    
           23            3            1           91    0.000000        0.000000       0.9987036E-15    0.000000    
           24            3            1           91    0.000000        0.000000       -100.8402        0.000000    
           23            3            1           92    0.000000        0.000000       0.1031696E-14    0.000000    
           24            3            1           92    0.000000        0.000000       -105.7198        0.000000    
           23            3            1           93    0.000000        0.000000       0.1052471E-14    0.000000    
           24            3            1           93    0.000000        0.000000       -107.9256        0.000000    
           23            3            1           94    0.000000        0.000000       0.1056705E-14    0.000000    
           24            3            1           94    0.000000        0.000000       -108.4345        0.000000    
           23            3            1           95    0.000000        0.000000       0.1045414E-14    0.000000    
           24            3            1           95    0.000000        0.000000       -108.1619        0.000000    
           23            3            1           96    0.000000        0.000000       0.1021449E-14    0.000000    
           24            3            1           96    0.000000        0.000000       -107.2130        0.000000    
           23            3            1           97    0.000000        0.000000       0.9878477E-15    0.000000    
           24            3            1           97    0.000000        0.000000       -105.9523        0.000000    
           23            3            1           98    0.000000        0.000000       0.9481811E-15    0.000000    
           24            3            1           98    0.000000        0.000000       -104.6409        0.000000    
           23            3            1           99    0.000000        0.000000       0.9056990E-15    0.000000    
           24            3            1           99    0.000000        0.000000       -103.3687        0.000000    
           23            3            1          100    0.000000        0.000000       0.8607886E-15    0.000000    
           24            3            1          100    0.000000        0.000000       -102.0954        0.000000    
           23            3            1          101    0.000000        0.000000       0.8168327E-15    0.000000    
           24            3            1          101    0.000000        0.000000       -101.0260        0.000000    
