          x1          x2          x3     azimuth         dip         iRx
  -9500.00000       0.00000000       250.000000               0           0           1
  -9470.31250       0.00000000       250.000000               0           0           2
  -9440.62500       0.00000000       250.000000               0           0           3
  -9410.93750       0.00000000       250.000000               0           0           4
  -9381.25000       0.00000000       250.000000               0           0           5
  -9351.56250       0.00000000       250.000000               0           0           6
  -9321.87500       0.00000000       250.000000               0           0           7
  -9292.18750       0.00000000       250.000000               0           0           8
  -9262.50000       0.00000000       250.000000               0           0           9
  -9232.81250       0.00000000       250.000000               0           0          10
  -9203.12500       0.00000000       250.000000               0           0          11
  -9173.43750       0.00000000       250.000000               0           0          12
  -9143.75000       0.00000000       250.000000               0           0          13
  -9114.06250       0.00000000       250.000000               0           0          14
  -9084.37500       0.00000000       250.000000               0           0          15
  -9054.68750       0.00000000       250.000000               0           0          16
  -9025.00000       0.00000000       250.000000               0           0          17
  -8995.31250       0.00000000       250.000000               0           0          18
  -8965.62500       0.00000000       250.000000               0           0          19
  -8935.93750       0.00000000       250.000000               0           0          20
  -8906.25000       0.00000000       250.000000               0           0          21
  -8876.56250       0.00000000       250.000000               0           0          22
  -8846.87500       0.00000000       250.000000               0           0          23
  -8817.18750       0.00000000       250.000000               0           0          24
  -8787.50000       0.00000000       250.000000               0           0          25
  -8757.81250       0.00000000       250.000000               0           0          26
  -8728.12500       0.00000000       250.000000               0           0          27
  -8698.43750       0.00000000       250.000000               0           0          28
  -8668.75000       0.00000000       250.000000               0           0          29
  -8639.06250       0.00000000       250.000000               0           0          30
  -8609.37500       0.00000000       250.000000               0           0          31
  -8579.68750       0.00000000       250.000000               0           0          32
  -8550.00000       0.00000000       250.000000               0           0          33
  -8520.31250       0.00000000       250.000000               0           0          34
  -8490.62500       0.00000000       250.000000               0           0          35
  -8460.93750       0.00000000       250.000000               0           0          36
  -8431.25000       0.00000000       250.000000               0           0          37
  -8401.56250       0.00000000       250.000000               0           0          38
  -8371.87500       0.00000000       250.000000               0           0          39
  -8342.18750       0.00000000       250.000000               0           0          40
  -8312.50000       0.00000000       250.000000               0           0          41
  -8282.81250       0.00000000       250.000000               0           0          42
  -8253.12500       0.00000000       250.000000               0           0          43
  -8223.43750       0.00000000       250.000000               0           0          44
  -8193.75000       0.00000000       250.000000               0           0          45
  -8164.06250       0.00000000       250.000000               0           0          46
  -8134.37500       0.00000000       250.000000               0           0          47
  -8104.68750       0.00000000       250.000000               0           0          48
  -8075.00000       0.00000000       250.000000               0           0          49
  -8045.31250       0.00000000       250.000000               0           0          50
  -8015.62500       0.00000000       250.000000               0           0          51
  -7985.93750       0.00000000       250.000000               0           0          52
  -7956.25000       0.00000000       250.000000               0           0          53
  -7926.56250       0.00000000       250.000000               0           0          54
  -7896.87500       0.00000000       250.000000               0           0          55
  -7867.18750       0.00000000       250.000000               0           0          56
  -7837.50000       0.00000000       250.000000               0           0          57
  -7807.81250       0.00000000       250.000000               0           0          58
  -7778.12500       0.00000000       250.000000               0           0          59
  -7748.43750       0.00000000       250.000000               0           0          60
  -7718.75000       0.00000000       250.000000               0           0          61
  -7689.06250       0.00000000       250.000000               0           0          62
  -7659.37500       0.00000000       250.000000               0           0          63
  -7629.68750       0.00000000       250.000000               0           0          64
  -7600.00000       0.00000000       250.000000               0           0          65
  -7570.31250       0.00000000       250.000000               0           0          66
  -7540.62500       0.00000000       250.000000               0           0          67
  -7510.93750       0.00000000       250.000000               0           0          68
  -7481.25000       0.00000000       250.000000               0           0          69
  -7451.56250       0.00000000       250.000000               0           0          70
  -7421.87500       0.00000000       250.000000               0           0          71
  -7392.18750       0.00000000       250.000000               0           0          72
  -7362.50000       0.00000000       250.000000               0           0          73
  -7332.81250       0.00000000       250.000000               0           0          74
  -7303.12500       0.00000000       250.000000               0           0          75
  -7273.43750       0.00000000       250.000000               0           0          76
  -7243.75000       0.00000000       250.000000               0           0          77
  -7214.06250       0.00000000       250.000000               0           0          78
  -7184.37500       0.00000000       250.000000               0           0          79
  -7154.68750       0.00000000       250.000000               0           0          80
  -7125.00000       0.00000000       250.000000               0           0          81
  -7095.31250       0.00000000       250.000000               0           0          82
  -7065.62500       0.00000000       250.000000               0           0          83
  -7035.93750       0.00000000       250.000000               0           0          84
  -7006.25000       0.00000000       250.000000               0           0          85
  -6976.56250       0.00000000       250.000000               0           0          86
  -6946.87500       0.00000000       250.000000               0           0          87
  -6917.18750       0.00000000       250.000000               0           0          88
  -6887.50000       0.00000000       250.000000               0           0          89
  -6857.81250       0.00000000       250.000000               0           0          90
  -6828.12500       0.00000000       250.000000               0           0          91
  -6798.43750       0.00000000       250.000000               0           0          92
  -6768.75000       0.00000000       250.000000               0           0          93
  -6739.06250       0.00000000       250.000000               0           0          94
  -6709.37500       0.00000000       250.000000               0           0          95
  -6679.68750       0.00000000       250.000000               0           0          96
  -6650.00000       0.00000000       250.000000               0           0          97
  -6620.31250       0.00000000       250.000000               0           0          98
  -6590.62500       0.00000000       250.000000               0           0          99
  -6560.93750       0.00000000       250.000000               0           0         100
  -6531.25000       0.00000000       250.000000               0           0         101
  -6501.56250       0.00000000       250.000000               0           0         102
  -6471.87500       0.00000000       250.000000               0           0         103
  -6442.18750       0.00000000       250.000000               0           0         104
  -6412.50000       0.00000000       250.000000               0           0         105
  -6382.81250       0.00000000       250.000000               0           0         106
  -6353.12500       0.00000000       250.000000               0           0         107
  -6323.43750       0.00000000       250.000000               0           0         108
  -6293.75000       0.00000000       250.000000               0           0         109
  -6264.06250       0.00000000       250.000000               0           0         110
  -6234.37500       0.00000000       250.000000               0           0         111
  -6204.68750       0.00000000       250.000000               0           0         112
  -6175.00000       0.00000000       250.000000               0           0         113
  -6145.31250       0.00000000       250.000000               0           0         114
  -6115.62500       0.00000000       250.000000               0           0         115
  -6085.93750       0.00000000       250.000000               0           0         116
  -6056.25000       0.00000000       250.000000               0           0         117
  -6026.56250       0.00000000       250.000000               0           0         118
  -5996.87500       0.00000000       250.000000               0           0         119
  -5967.18750       0.00000000       250.000000               0           0         120
  -5937.50000       0.00000000       250.000000               0           0         121
  -5907.81250       0.00000000       250.000000               0           0         122
  -5878.12500       0.00000000       250.000000               0           0         123
  -5848.43750       0.00000000       250.000000               0           0         124
  -5818.75000       0.00000000       250.000000               0           0         125
  -5789.06250       0.00000000       250.000000               0           0         126
  -5759.37500       0.00000000       250.000000               0           0         127
  -5729.68750       0.00000000       250.000000               0           0         128
  -5700.00000       0.00000000       250.000000               0           0         129
  -5670.31250       0.00000000       250.000000               0           0         130
  -5640.62500       0.00000000       250.000000               0           0         131
  -5610.93750       0.00000000       250.000000               0           0         132
  -5581.25000       0.00000000       250.000000               0           0         133
  -5551.56250       0.00000000       250.000000               0           0         134
  -5521.87500       0.00000000       250.000000               0           0         135
  -5492.18750       0.00000000       250.000000               0           0         136
  -5462.50000       0.00000000       250.000000               0           0         137
  -5432.81250       0.00000000       250.000000               0           0         138
  -5403.12500       0.00000000       250.000000               0           0         139
  -5373.43750       0.00000000       250.000000               0           0         140
  -5343.75000       0.00000000       250.000000               0           0         141
  -5314.06250       0.00000000       250.000000               0           0         142
  -5284.37500       0.00000000       250.000000               0           0         143
  -5254.68750       0.00000000       250.000000               0           0         144
  -5225.00000       0.00000000       250.000000               0           0         145
  -5195.31250       0.00000000       250.000000               0           0         146
  -5165.62500       0.00000000       250.000000               0           0         147
  -5135.93750       0.00000000       250.000000               0           0         148
  -5106.25000       0.00000000       250.000000               0           0         149
  -5076.56250       0.00000000       250.000000               0           0         150
  -5046.87500       0.00000000       250.000000               0           0         151
  -5017.18750       0.00000000       250.000000               0           0         152
  -4987.50000       0.00000000       250.000000               0           0         153
  -4957.81250       0.00000000       250.000000               0           0         154
  -4928.12500       0.00000000       250.000000               0           0         155
  -4898.43750       0.00000000       250.000000               0           0         156
  -4868.75000       0.00000000       250.000000               0           0         157
  -4839.06250       0.00000000       250.000000               0           0         158
  -4809.37500       0.00000000       250.000000               0           0         159
  -4779.68750       0.00000000       250.000000               0           0         160
  -4750.00000       0.00000000       250.000000               0           0         161
  -4720.31250       0.00000000       250.000000               0           0         162
  -4690.62500       0.00000000       250.000000               0           0         163
  -4660.93750       0.00000000       250.000000               0           0         164
  -4631.25000       0.00000000       250.000000               0           0         165
  -4601.56250       0.00000000       250.000000               0           0         166
  -4571.87500       0.00000000       250.000000               0           0         167
  -4542.18750       0.00000000       250.000000               0           0         168
  -4512.50000       0.00000000       250.000000               0           0         169
  -4482.81250       0.00000000       250.000000               0           0         170
  -4453.12500       0.00000000       250.000000               0           0         171
  -4423.43750       0.00000000       250.000000               0           0         172
  -4393.75000       0.00000000       250.000000               0           0         173
  -4364.06250       0.00000000       250.000000               0           0         174
  -4334.37500       0.00000000       250.000000               0           0         175
  -4304.68750       0.00000000       250.000000               0           0         176
  -4275.00000       0.00000000       250.000000               0           0         177
  -4245.31250       0.00000000       250.000000               0           0         178
  -4215.62500       0.00000000       250.000000               0           0         179
  -4185.93750       0.00000000       250.000000               0           0         180
  -4156.25000       0.00000000       250.000000               0           0         181
  -4126.56250       0.00000000       250.000000               0           0         182
  -4096.87500       0.00000000       250.000000               0           0         183
  -4067.18750       0.00000000       250.000000               0           0         184
  -4037.50000       0.00000000       250.000000               0           0         185
  -4007.81250       0.00000000       250.000000               0           0         186
  -3978.12500       0.00000000       250.000000               0           0         187
  -3948.43750       0.00000000       250.000000               0           0         188
  -3918.75000       0.00000000       250.000000               0           0         189
  -3889.06250       0.00000000       250.000000               0           0         190
  -3859.37500       0.00000000       250.000000               0           0         191
  -3829.68750       0.00000000       250.000000               0           0         192
  -3800.00000       0.00000000       250.000000               0           0         193
  -3770.31250       0.00000000       250.000000               0           0         194
  -3740.62500       0.00000000       250.000000               0           0         195
  -3710.93750       0.00000000       250.000000               0           0         196
  -3681.25000       0.00000000       250.000000               0           0         197
  -3651.56250       0.00000000       250.000000               0           0         198
  -3621.87500       0.00000000       250.000000               0           0         199
  -3592.18750       0.00000000       250.000000               0           0         200
  -3562.50000       0.00000000       250.000000               0           0         201
  -3532.81250       0.00000000       250.000000               0           0         202
  -3503.12500       0.00000000       250.000000               0           0         203
  -3473.43750       0.00000000       250.000000               0           0         204
  -3443.75000       0.00000000       250.000000               0           0         205
  -3414.06250       0.00000000       250.000000               0           0         206
  -3384.37500       0.00000000       250.000000               0           0         207
  -3354.68750       0.00000000       250.000000               0           0         208
  -3325.00000       0.00000000       250.000000               0           0         209
  -3295.31250       0.00000000       250.000000               0           0         210
  -3265.62500       0.00000000       250.000000               0           0         211
  -3235.93750       0.00000000       250.000000               0           0         212
  -3206.25000       0.00000000       250.000000               0           0         213
  -3176.56250       0.00000000       250.000000               0           0         214
  -3146.87500       0.00000000       250.000000               0           0         215
  -3117.18750       0.00000000       250.000000               0           0         216
  -3087.50000       0.00000000       250.000000               0           0         217
  -3057.81250       0.00000000       250.000000               0           0         218
  -3028.12500       0.00000000       250.000000               0           0         219
  -2998.43750       0.00000000       250.000000               0           0         220
  -2968.75000       0.00000000       250.000000               0           0         221
  -2939.06250       0.00000000       250.000000               0           0         222
  -2909.37500       0.00000000       250.000000               0           0         223
  -2879.68750       0.00000000       250.000000               0           0         224
  -2850.00000       0.00000000       250.000000               0           0         225
  -2820.31250       0.00000000       250.000000               0           0         226
  -2790.62500       0.00000000       250.000000               0           0         227
  -2760.93750       0.00000000       250.000000               0           0         228
  -2731.25000       0.00000000       250.000000               0           0         229
  -2701.56250       0.00000000       250.000000               0           0         230
  -2671.87500       0.00000000       250.000000               0           0         231
  -2642.18750       0.00000000       250.000000               0           0         232
  -2612.50000       0.00000000       250.000000               0           0         233
  -2582.81250       0.00000000       250.000000               0           0         234
  -2553.12500       0.00000000       250.000000               0           0         235
  -2523.43750       0.00000000       250.000000               0           0         236
  -2493.75000       0.00000000       250.000000               0           0         237
  -2464.06250       0.00000000       250.000000               0           0         238
  -2434.37500       0.00000000       250.000000               0           0         239
  -2404.68750       0.00000000       250.000000               0           0         240
  -2375.00000       0.00000000       250.000000               0           0         241
  -2345.31250       0.00000000       250.000000               0           0         242
  -2315.62500       0.00000000       250.000000               0           0         243
  -2285.93750       0.00000000       250.000000               0           0         244
  -2256.25000       0.00000000       250.000000               0           0         245
  -2226.56250       0.00000000       250.000000               0           0         246
  -2196.87500       0.00000000       250.000000               0           0         247
  -2167.18750       0.00000000       250.000000               0           0         248
  -2137.50000       0.00000000       250.000000               0           0         249
  -2107.81250       0.00000000       250.000000               0           0         250
  -2078.12500       0.00000000       250.000000               0           0         251
  -2048.43750       0.00000000       250.000000               0           0         252
  -2018.75000       0.00000000       250.000000               0           0         253
  -1989.06250       0.00000000       250.000000               0           0         254
  -1959.37500       0.00000000       250.000000               0           0         255
  -1929.68750       0.00000000       250.000000               0           0         256
  -1900.00000       0.00000000       250.000000               0           0         257
  -1870.31250       0.00000000       250.000000               0           0         258
  -1840.62500       0.00000000       250.000000               0           0         259
  -1810.93750       0.00000000       250.000000               0           0         260
  -1781.25000       0.00000000       250.000000               0           0         261
  -1751.56250       0.00000000       250.000000               0           0         262
  -1721.87500       0.00000000       250.000000               0           0         263
  -1692.18750       0.00000000       250.000000               0           0         264
  -1662.50000       0.00000000       250.000000               0           0         265
  -1632.81250       0.00000000       250.000000               0           0         266
  -1603.12500       0.00000000       250.000000               0           0         267
  -1573.43750       0.00000000       250.000000               0           0         268
  -1543.75000       0.00000000       250.000000               0           0         269
  -1514.06250       0.00000000       250.000000               0           0         270
  -1484.37500       0.00000000       250.000000               0           0         271
  -1454.68750       0.00000000       250.000000               0           0         272
  -1425.00000       0.00000000       250.000000               0           0         273
  -1395.31250       0.00000000       250.000000               0           0         274
  -1365.62500       0.00000000       250.000000               0           0         275
  -1335.93750       0.00000000       250.000000               0           0         276
  -1306.25000       0.00000000       250.000000               0           0         277
  -1276.56250       0.00000000       250.000000               0           0         278
  -1246.87500       0.00000000       250.000000               0           0         279
  -1217.18750       0.00000000       250.000000               0           0         280
  -1187.50000       0.00000000       250.000000               0           0         281
  -1157.81250       0.00000000       250.000000               0           0         282
  -1128.12500       0.00000000       250.000000               0           0         283
  -1098.43750       0.00000000       250.000000               0           0         284
  -1068.75000       0.00000000       250.000000               0           0         285
  -1039.06250       0.00000000       250.000000               0           0         286
  -1009.37500       0.00000000       250.000000               0           0         287
  -979.687500       0.00000000       250.000000               0           0         288
  -950.000000       0.00000000       250.000000               0           0         289
  -920.312500       0.00000000       250.000000               0           0         290
  -890.625000       0.00000000       250.000000               0           0         291
  -860.937500       0.00000000       250.000000               0           0         292
  -831.250000       0.00000000       250.000000               0           0         293
  -801.562500       0.00000000       250.000000               0           0         294
  -771.875000       0.00000000       250.000000               0           0         295
  -742.187500       0.00000000       250.000000               0           0         296
  -712.500000       0.00000000       250.000000               0           0         297
  -682.812500       0.00000000       250.000000               0           0         298
  -653.125000       0.00000000       250.000000               0           0         299
  -623.437500       0.00000000       250.000000               0           0         300
  -593.750000       0.00000000       250.000000               0           0         301
  -564.062500       0.00000000       250.000000               0           0         302
  -534.375000       0.00000000       250.000000               0           0         303
  -504.687500       0.00000000       250.000000               0           0         304
  -475.000000       0.00000000       250.000000               0           0         305
  -445.312500       0.00000000       250.000000               0           0         306
  -415.625000       0.00000000       250.000000               0           0         307
  -385.937500       0.00000000       250.000000               0           0         308
  -356.250000       0.00000000       250.000000               0           0         309
  -326.562500       0.00000000       250.000000               0           0         310
  -296.875000       0.00000000       250.000000               0           0         311
  -267.187500       0.00000000       250.000000               0           0         312
  -237.500000       0.00000000       250.000000               0           0         313
  -207.812500       0.00000000       250.000000               0           0         314
  -178.125000       0.00000000       250.000000               0           0         315
  -148.437500       0.00000000       250.000000               0           0         316
  -118.750000       0.00000000       250.000000               0           0         317
  -89.0625000       0.00000000       250.000000               0           0         318
  -59.3750000       0.00000000       250.000000               0           0         319
  -29.6875000       0.00000000       250.000000               0           0         320
   0.00000000       0.00000000       250.000000               0           0         321
   29.6875000       0.00000000       250.000000               0           0         322
   59.3750000       0.00000000       250.000000               0           0         323
   89.0625000       0.00000000       250.000000               0           0         324
   118.750000       0.00000000       250.000000               0           0         325
   148.437500       0.00000000       250.000000               0           0         326
   178.125000       0.00000000       250.000000               0           0         327
   207.812500       0.00000000       250.000000               0           0         328
   237.500000       0.00000000       250.000000               0           0         329
   267.187500       0.00000000       250.000000               0           0         330
   296.875000       0.00000000       250.000000               0           0         331
   326.562500       0.00000000       250.000000               0           0         332
   356.250000       0.00000000       250.000000               0           0         333
   385.937500       0.00000000       250.000000               0           0         334
   415.625000       0.00000000       250.000000               0           0         335
   445.312500       0.00000000       250.000000               0           0         336
   475.000000       0.00000000       250.000000               0           0         337
   504.687500       0.00000000       250.000000               0           0         338
   534.375000       0.00000000       250.000000               0           0         339
   564.062500       0.00000000       250.000000               0           0         340
   593.750000       0.00000000       250.000000               0           0         341
   623.437500       0.00000000       250.000000               0           0         342
   653.125000       0.00000000       250.000000               0           0         343
   682.812500       0.00000000       250.000000               0           0         344
   712.500000       0.00000000       250.000000               0           0         345
   742.187500       0.00000000       250.000000               0           0         346
   771.875000       0.00000000       250.000000               0           0         347
   801.562500       0.00000000       250.000000               0           0         348
   831.250000       0.00000000       250.000000               0           0         349
   860.937500       0.00000000       250.000000               0           0         350
   890.625000       0.00000000       250.000000               0           0         351
   920.312500       0.00000000       250.000000               0           0         352
   950.000000       0.00000000       250.000000               0           0         353
   979.687500       0.00000000       250.000000               0           0         354
   1009.37500       0.00000000       250.000000               0           0         355
   1039.06250       0.00000000       250.000000               0           0         356
   1068.75000       0.00000000       250.000000               0           0         357
   1098.43750       0.00000000       250.000000               0           0         358
   1128.12500       0.00000000       250.000000               0           0         359
   1157.81250       0.00000000       250.000000               0           0         360
   1187.50000       0.00000000       250.000000               0           0         361
   1217.18750       0.00000000       250.000000               0           0         362
   1246.87500       0.00000000       250.000000               0           0         363
   1276.56250       0.00000000       250.000000               0           0         364
   1306.25000       0.00000000       250.000000               0           0         365
   1335.93750       0.00000000       250.000000               0           0         366
   1365.62500       0.00000000       250.000000               0           0         367
   1395.31250       0.00000000       250.000000               0           0         368
   1425.00000       0.00000000       250.000000               0           0         369
   1454.68750       0.00000000       250.000000               0           0         370
   1484.37500       0.00000000       250.000000               0           0         371
   1514.06250       0.00000000       250.000000               0           0         372
   1543.75000       0.00000000       250.000000               0           0         373
   1573.43750       0.00000000       250.000000               0           0         374
   1603.12500       0.00000000       250.000000               0           0         375
   1632.81250       0.00000000       250.000000               0           0         376
   1662.50000       0.00000000       250.000000               0           0         377
   1692.18750       0.00000000       250.000000               0           0         378
   1721.87500       0.00000000       250.000000               0           0         379
   1751.56250       0.00000000       250.000000               0           0         380
   1781.25000       0.00000000       250.000000               0           0         381
   1810.93750       0.00000000       250.000000               0           0         382
   1840.62500       0.00000000       250.000000               0           0         383
   1870.31250       0.00000000       250.000000               0           0         384
   1900.00000       0.00000000       250.000000               0           0         385
   1929.68750       0.00000000       250.000000               0           0         386
   1959.37500       0.00000000       250.000000               0           0         387
   1989.06250       0.00000000       250.000000               0           0         388
   2018.75000       0.00000000       250.000000               0           0         389
   2048.43750       0.00000000       250.000000               0           0         390
   2078.12500       0.00000000       250.000000               0           0         391
   2107.81250       0.00000000       250.000000               0           0         392
   2137.50000       0.00000000       250.000000               0           0         393
   2167.18750       0.00000000       250.000000               0           0         394
   2196.87500       0.00000000       250.000000               0           0         395
   2226.56250       0.00000000       250.000000               0           0         396
   2256.25000       0.00000000       250.000000               0           0         397
   2285.93750       0.00000000       250.000000               0           0         398
   2315.62500       0.00000000       250.000000               0           0         399
   2345.31250       0.00000000       250.000000               0           0         400
   2375.00000       0.00000000       250.000000               0           0         401
   2404.68750       0.00000000       250.000000               0           0         402
   2434.37500       0.00000000       250.000000               0           0         403
   2464.06250       0.00000000       250.000000               0           0         404
   2493.75000       0.00000000       250.000000               0           0         405
   2523.43750       0.00000000       250.000000               0           0         406
   2553.12500       0.00000000       250.000000               0           0         407
   2582.81250       0.00000000       250.000000               0           0         408
   2612.50000       0.00000000       250.000000               0           0         409
   2642.18750       0.00000000       250.000000               0           0         410
   2671.87500       0.00000000       250.000000               0           0         411
   2701.56250       0.00000000       250.000000               0           0         412
   2731.25000       0.00000000       250.000000               0           0         413
   2760.93750       0.00000000       250.000000               0           0         414
   2790.62500       0.00000000       250.000000               0           0         415
   2820.31250       0.00000000       250.000000               0           0         416
   2850.00000       0.00000000       250.000000               0           0         417
   2879.68750       0.00000000       250.000000               0           0         418
   2909.37500       0.00000000       250.000000               0           0         419
   2939.06250       0.00000000       250.000000               0           0         420
   2968.75000       0.00000000       250.000000               0           0         421
   2998.43750       0.00000000       250.000000               0           0         422
   3028.12500       0.00000000       250.000000               0           0         423
   3057.81250       0.00000000       250.000000               0           0         424
   3087.50000       0.00000000       250.000000               0           0         425
   3117.18750       0.00000000       250.000000               0           0         426
   3146.87500       0.00000000       250.000000               0           0         427
   3176.56250       0.00000000       250.000000               0           0         428
   3206.25000       0.00000000       250.000000               0           0         429
   3235.93750       0.00000000       250.000000               0           0         430
   3265.62500       0.00000000       250.000000               0           0         431
   3295.31250       0.00000000       250.000000               0           0         432
   3325.00000       0.00000000       250.000000               0           0         433
   3354.68750       0.00000000       250.000000               0           0         434
   3384.37500       0.00000000       250.000000               0           0         435
   3414.06250       0.00000000       250.000000               0           0         436
   3443.75000       0.00000000       250.000000               0           0         437
   3473.43750       0.00000000       250.000000               0           0         438
   3503.12500       0.00000000       250.000000               0           0         439
   3532.81250       0.00000000       250.000000               0           0         440
   3562.50000       0.00000000       250.000000               0           0         441
   3592.18750       0.00000000       250.000000               0           0         442
   3621.87500       0.00000000       250.000000               0           0         443
   3651.56250       0.00000000       250.000000               0           0         444
   3681.25000       0.00000000       250.000000               0           0         445
   3710.93750       0.00000000       250.000000               0           0         446
   3740.62500       0.00000000       250.000000               0           0         447
   3770.31250       0.00000000       250.000000               0           0         448
   3800.00000       0.00000000       250.000000               0           0         449
   3829.68750       0.00000000       250.000000               0           0         450
   3859.37500       0.00000000       250.000000               0           0         451
   3889.06250       0.00000000       250.000000               0           0         452
   3918.75000       0.00000000       250.000000               0           0         453
   3948.43750       0.00000000       250.000000               0           0         454
   3978.12500       0.00000000       250.000000               0           0         455
   4007.81250       0.00000000       250.000000               0           0         456
   4037.50000       0.00000000       250.000000               0           0         457
   4067.18750       0.00000000       250.000000               0           0         458
   4096.87500       0.00000000       250.000000               0           0         459
   4126.56250       0.00000000       250.000000               0           0         460
   4156.25000       0.00000000       250.000000               0           0         461
   4185.93750       0.00000000       250.000000               0           0         462
   4215.62500       0.00000000       250.000000               0           0         463
   4245.31250       0.00000000       250.000000               0           0         464
   4275.00000       0.00000000       250.000000               0           0         465
   4304.68750       0.00000000       250.000000               0           0         466
   4334.37500       0.00000000       250.000000               0           0         467
   4364.06250       0.00000000       250.000000               0           0         468
   4393.75000       0.00000000       250.000000               0           0         469
   4423.43750       0.00000000       250.000000               0           0         470
   4453.12500       0.00000000       250.000000               0           0         471
   4482.81250       0.00000000       250.000000               0           0         472
   4512.50000       0.00000000       250.000000               0           0         473
   4542.18750       0.00000000       250.000000               0           0         474
   4571.87500       0.00000000       250.000000               0           0         475
   4601.56250       0.00000000       250.000000               0           0         476
   4631.25000       0.00000000       250.000000               0           0         477
   4660.93750       0.00000000       250.000000               0           0         478
   4690.62500       0.00000000       250.000000               0           0         479
   4720.31250       0.00000000       250.000000               0           0         480
   4750.00000       0.00000000       250.000000               0           0         481
   4779.68750       0.00000000       250.000000               0           0         482
   4809.37500       0.00000000       250.000000               0           0         483
   4839.06250       0.00000000       250.000000               0           0         484
   4868.75000       0.00000000       250.000000               0           0         485
   4898.43750       0.00000000       250.000000               0           0         486
   4928.12500       0.00000000       250.000000               0           0         487
   4957.81250       0.00000000       250.000000               0           0         488
   4987.50000       0.00000000       250.000000               0           0         489
   5017.18750       0.00000000       250.000000               0           0         490
   5046.87500       0.00000000       250.000000               0           0         491
   5076.56250       0.00000000       250.000000               0           0         492
   5106.25000       0.00000000       250.000000               0           0         493
   5135.93750       0.00000000       250.000000               0           0         494
   5165.62500       0.00000000       250.000000               0           0         495
   5195.31250       0.00000000       250.000000               0           0         496
   5225.00000       0.00000000       250.000000               0           0         497
   5254.68750       0.00000000       250.000000               0           0         498
   5284.37500       0.00000000       250.000000               0           0         499
   5314.06250       0.00000000       250.000000               0           0         500
   5343.75000       0.00000000       250.000000               0           0         501
   5373.43750       0.00000000       250.000000               0           0         502
   5403.12500       0.00000000       250.000000               0           0         503
   5432.81250       0.00000000       250.000000               0           0         504
   5462.50000       0.00000000       250.000000               0           0         505
   5492.18750       0.00000000       250.000000               0           0         506
   5521.87500       0.00000000       250.000000               0           0         507
   5551.56250       0.00000000       250.000000               0           0         508
   5581.25000       0.00000000       250.000000               0           0         509
   5610.93750       0.00000000       250.000000               0           0         510
   5640.62500       0.00000000       250.000000               0           0         511
   5670.31250       0.00000000       250.000000               0           0         512
   5700.00000       0.00000000       250.000000               0           0         513
   5729.68750       0.00000000       250.000000               0           0         514
   5759.37500       0.00000000       250.000000               0           0         515
   5789.06250       0.00000000       250.000000               0           0         516
   5818.75000       0.00000000       250.000000               0           0         517
   5848.43750       0.00000000       250.000000               0           0         518
   5878.12500       0.00000000       250.000000               0           0         519
   5907.81250       0.00000000       250.000000               0           0         520
   5937.50000       0.00000000       250.000000               0           0         521
   5967.18750       0.00000000       250.000000               0           0         522
   5996.87500       0.00000000       250.000000               0           0         523
   6026.56250       0.00000000       250.000000               0           0         524
   6056.25000       0.00000000       250.000000               0           0         525
   6085.93750       0.00000000       250.000000               0           0         526
   6115.62500       0.00000000       250.000000               0           0         527
   6145.31250       0.00000000       250.000000               0           0         528
   6175.00000       0.00000000       250.000000               0           0         529
   6204.68750       0.00000000       250.000000               0           0         530
   6234.37500       0.00000000       250.000000               0           0         531
   6264.06250       0.00000000       250.000000               0           0         532
   6293.75000       0.00000000       250.000000               0           0         533
   6323.43750       0.00000000       250.000000               0           0         534
   6353.12500       0.00000000       250.000000               0           0         535
   6382.81250       0.00000000       250.000000               0           0         536
   6412.50000       0.00000000       250.000000               0           0         537
   6442.18750       0.00000000       250.000000               0           0         538
   6471.87500       0.00000000       250.000000               0           0         539
   6501.56250       0.00000000       250.000000               0           0         540
   6531.25000       0.00000000       250.000000               0           0         541
   6560.93750       0.00000000       250.000000               0           0         542
   6590.62500       0.00000000       250.000000               0           0         543
   6620.31250       0.00000000       250.000000               0           0         544
   6650.00000       0.00000000       250.000000               0           0         545
   6679.68750       0.00000000       250.000000               0           0         546
   6709.37500       0.00000000       250.000000               0           0         547
   6739.06250       0.00000000       250.000000               0           0         548
   6768.75000       0.00000000       250.000000               0           0         549
   6798.43750       0.00000000       250.000000               0           0         550
   6828.12500       0.00000000       250.000000               0           0         551
   6857.81250       0.00000000       250.000000               0           0         552
   6887.50000       0.00000000       250.000000               0           0         553
   6917.18750       0.00000000       250.000000               0           0         554
   6946.87500       0.00000000       250.000000               0           0         555
   6976.56250       0.00000000       250.000000               0           0         556
   7006.25000       0.00000000       250.000000               0           0         557
   7035.93750       0.00000000       250.000000               0           0         558
   7065.62500       0.00000000       250.000000               0           0         559
   7095.31250       0.00000000       250.000000               0           0         560
   7125.00000       0.00000000       250.000000               0           0         561
   7154.68750       0.00000000       250.000000               0           0         562
   7184.37500       0.00000000       250.000000               0           0         563
   7214.06250       0.00000000       250.000000               0           0         564
   7243.75000       0.00000000       250.000000               0           0         565
   7273.43750       0.00000000       250.000000               0           0         566
   7303.12500       0.00000000       250.000000               0           0         567
   7332.81250       0.00000000       250.000000               0           0         568
   7362.50000       0.00000000       250.000000               0           0         569
   7392.18750       0.00000000       250.000000               0           0         570
   7421.87500       0.00000000       250.000000               0           0         571
   7451.56250       0.00000000       250.000000               0           0         572
   7481.25000       0.00000000       250.000000               0           0         573
   7510.93750       0.00000000       250.000000               0           0         574
   7540.62500       0.00000000       250.000000               0           0         575
   7570.31250       0.00000000       250.000000               0           0         576
   7600.00000       0.00000000       250.000000               0           0         577
   7629.68750       0.00000000       250.000000               0           0         578
   7659.37500       0.00000000       250.000000               0           0         579
   7689.06250       0.00000000       250.000000               0           0         580
   7718.75000       0.00000000       250.000000               0           0         581
   7748.43750       0.00000000       250.000000               0           0         582
   7778.12500       0.00000000       250.000000               0           0         583
   7807.81250       0.00000000       250.000000               0           0         584
   7837.50000       0.00000000       250.000000               0           0         585
   7867.18750       0.00000000       250.000000               0           0         586
   7896.87500       0.00000000       250.000000               0           0         587
   7926.56250       0.00000000       250.000000               0           0         588
   7956.25000       0.00000000       250.000000               0           0         589
   7985.93750       0.00000000       250.000000               0           0         590
   8015.62500       0.00000000       250.000000               0           0         591
   8045.31250       0.00000000       250.000000               0           0         592
   8075.00000       0.00000000       250.000000               0           0         593
   8104.68750       0.00000000       250.000000               0           0         594
   8134.37500       0.00000000       250.000000               0           0         595
   8164.06250       0.00000000       250.000000               0           0         596
   8193.75000       0.00000000       250.000000               0           0         597
   8223.43750       0.00000000       250.000000               0           0         598
   8253.12500       0.00000000       250.000000               0           0         599
   8282.81250       0.00000000       250.000000               0           0         600
   8312.50000       0.00000000       250.000000               0           0         601
   8342.18750       0.00000000       250.000000               0           0         602
   8371.87500       0.00000000       250.000000               0           0         603
   8401.56250       0.00000000       250.000000               0           0         604
   8431.25000       0.00000000       250.000000               0           0         605
   8460.93750       0.00000000       250.000000               0           0         606
   8490.62500       0.00000000       250.000000               0           0         607
   8520.31250       0.00000000       250.000000               0           0         608
   8550.00000       0.00000000       250.000000               0           0         609
   8579.68750       0.00000000       250.000000               0           0         610
   8609.37500       0.00000000       250.000000               0           0         611
   8639.06250       0.00000000       250.000000               0           0         612
   8668.75000       0.00000000       250.000000               0           0         613
   8698.43750       0.00000000       250.000000               0           0         614
   8728.12500       0.00000000       250.000000               0           0         615
   8757.81250       0.00000000       250.000000               0           0         616
   8787.50000       0.00000000       250.000000               0           0         617
   8817.18750       0.00000000       250.000000               0           0         618
   8846.87500       0.00000000       250.000000               0           0         619
   8876.56250       0.00000000       250.000000               0           0         620
   8906.25000       0.00000000       250.000000               0           0         621
   8935.93750       0.00000000       250.000000               0           0         622
   8965.62500       0.00000000       250.000000               0           0         623
   8995.31250       0.00000000       250.000000               0           0         624
   9025.00000       0.00000000       250.000000               0           0         625
   9054.68750       0.00000000       250.000000               0           0         626
   9084.37500       0.00000000       250.000000               0           0         627
   9114.06250       0.00000000       250.000000               0           0         628
   9143.75000       0.00000000       250.000000               0           0         629
   9173.43750       0.00000000       250.000000               0           0         630
   9203.12500       0.00000000       250.000000               0           0         631
   9232.81250       0.00000000       250.000000               0           0         632
   9262.50000       0.00000000       250.000000               0           0         633
   9292.18750       0.00000000       250.000000               0           0         634
   9321.87500       0.00000000       250.000000               0           0         635
   9351.56250       0.00000000       250.000000               0           0         636
   9381.25000       0.00000000       250.000000               0           0         637
   9410.93750       0.00000000       250.000000               0           0         638
   9440.62500       0.00000000       250.000000               0           0         639
   9470.31250       0.00000000       250.000000               0           0         640
   9500.00000       0.00000000       250.000000               0           0         641
